chrom	chunk	r2_med	r2_avg	r2_std	con_med	con_avg	con_std	inf_med	inf_avg	inf_std
10	10	0.841	0.8332	0.1176	0.931	0.9247	0.0499	0.935	0.9325	0.0444
10	11	0.760	0.7593	0.1165	0.891	0.8925	0.0543	0.900	0.8996	0.0471
10	12	0.747	0.7376	0.0963	0.873	0.8719	0.0444	0.901	0.8931	0.0410
10	13	0.815	0.8077	0.1150	0.910	0.9023	0.0614	0.920	0.9139	0.0519
10	14	0.814	0.8000	0.1322	0.916	0.9060	0.0683	0.923	0.9177	0.0535
10	15	0.631	0.6349	0.1316	0.819	0.8266	0.0723	0.842	0.8379	0.0611
10	1	0.9365	0.9115	0.0813	0.967	0.9649	0.0231	0.9645	0.9468	0.0478
10	2	0.8965	0.8714	0.1163	0.946	0.9404	0.0451	0.949	0.9290	0.0775
10	3	0.836	0.8252	0.0995	0.921	0.9201	0.0401	0.934	0.9274	0.0409
10	4	0.803	0.7953	0.0982	0.9125	0.9086	0.0424	0.917	0.9046	0.0559
10	5	0.7795	0.7449	0.1716	0.917	0.8837	0.0890	0.906	0.8653	0.1000
10	6	0.828	0.8219	0.1145	0.919	0.9173	0.0566	0.929	0.9198	0.0569
10	7	0.815	0.7971	0.1030	0.915	0.9058	0.0549	0.93	0.9245	0.0404
10	8	0.7645	0.7643	0.1077	0.894	0.8920	0.0485	0.909	0.9104	0.0353
10	9	0.746	0.7342	0.1080	0.878	0.8781	0.0484	0.905	0.9025	0.0380
11	10	0.797	0.7969	0.1054	0.918	0.9138	0.0453	0.916	0.9130	0.0419
11	11	0.827	0.8036	0.1336	0.918	0.9106	0.0530	0.923	0.9096	0.0583
11	12	0.8065	0.8077	0.1133	0.903	0.9074	0.0531	0.9235	0.9176	0.0463
11	13	0.772	0.7636	0.0858	0.892	0.8907	0.0408	0.914	0.9119	0.0334
11	14	0.681	0.6896	0.1251	0.849	0.8512	0.0623	0.882	0.8818	0.0479
11	15	0.69	0.6884	0.1393	0.8675	0.8579	0.0673	0.8795	0.8704	0.0588
11	16	0.600	0.6044	0.1339	0.812	0.8127	0.0760	0.824	0.8213	0.0622
11	1	0.9305	0.9069	0.0694	0.9695	0.9632	0.0226	0.9585	0.9323	0.0694
11	2	0.7995	0.8017	0.1183	0.905	0.9057	0.0600	0.9245	0.9193	0.0475
11	3	0.753	0.7335	0.1654	0.893	0.8832	0.0625	0.899	0.8912	0.0624
11	4	0.7765	0.7631	0.1057	0.8845	0.8859	0.0547	0.899	0.8964	0.0504
11	5	0.833	0.8338	0.1052	0.915	0.9160	0.0540	0.929	0.9248	0.0473
11	6	0.828	0.8201	0.1102	0.9225	0.9185	0.0485	0.931	0.9263	0.0421
11	7	0.7985	0.8024	0.0990	0.907	0.9090	0.0388	0.9335	0.9289	0.0378
11	8	0.832	0.8301	0.0964	0.930	0.9249	0.0439	0.931	0.9276	0.0396
11	9	0.797	0.7884	0.0959	0.893	0.8960	0.0474	0.922	0.9169	0.0392
12	10	0.818	0.8073	0.0992	0.916	0.9119	0.0427	0.933	0.9301	0.0332
12	11	0.799	0.8032	0.0970	0.907	0.9055	0.0483	0.931	0.9283	0.0330
12	12	0.757	0.7690	0.1039	0.887	0.8892	0.0512	0.910	0.9087	0.0438
12	13	0.7675	0.7713	0.1032	0.895	0.8942	0.0506	0.9155	0.9174	0.0391
12	14	0.7235	0.7196	0.1238	0.864	0.8682	0.0614	0.8855	0.8802	0.0521
12	15	0.5925	0.5868	0.1407	0.799	0.7941	0.0745	0.8235	0.8122	0.0689
12	1	0.9475	0.9253	0.0684	0.979	0.9699	0.0283	0.981	0.9703	0.0272
12	2	0.816	0.8136	0.1164	0.918	0.9134	0.0550	0.934	0.9324	0.0390
12	3	0.746	0.7612	0.1078	0.8795	0.8818	0.0549	0.9125	0.9100	0.0382
12	4	0.756	0.7481	0.0874	0.890	0.8851	0.0455	0.913	0.9063	0.0370
12	5	0.780	0.7692	0.1041	0.896	0.8947	0.0478	0.921	0.9148	0.0387
12	6	0.83	0.8180	0.1120	0.92	0.9182	0.0477	0.945	0.9360	0.0428
12	7	0.838	0.8324	0.0826	0.925	0.9254	0.0323	0.944	0.9384	0.0309
12	8	0.8965	0.8863	0.0769	0.952	0.9445	0.0384	0.958	0.9525	0.0329
12	9	0.8875	0.8689	0.0821	0.946	0.9415	0.0354	0.958	0.9507	0.0279
13	10	0.7825	0.7744	0.1227	0.9	0.8958	0.0547	0.9115	0.9105	0.0461
13	11	0.712	0.7137	0.1081	0.863	0.8670	0.0522	0.889	0.8834	0.0444
13	12	0.698	0.7028	0.1056	0.8595	0.8647	0.0485	0.88	0.8787	0.0439
13	13	0.652	0.6338	0.1290	0.827	0.8207	0.0721	0.848	0.8429	0.0531
13	1	0.979	0.9582	0.0458	0.990	0.9833	0.0190	0.986	0.9763	0.0272
13	2	0.902	0.8973	0.0677	0.957	0.9536	0.0311	0.964	0.9582	0.0284
13	3	0.839	0.8418	0.0737	0.923	0.9239	0.0366	0.939	0.9386	0.0273
13	4	0.772	0.7682	0.0792	0.884	0.8874	0.0408	0.910	0.9094	0.0309
13	5	0.7265	0.7239	0.1077	0.873	0.8731	0.0488	0.8985	0.8955	0.0399
13	6	0.811	0.8049	0.0926	0.911	0.9078	0.0463	0.926	0.9230	0.0337
13	7	0.805	0.7991	0.0819	0.911	0.9085	0.0363	0.919	0.9181	0.0323
13	8	0.842	0.8195	0.1313	0.919	0.9109	0.0729	0.9235	0.9064	0.0728
13	9	0.818	0.8073	0.0883	0.911	0.9076	0.0425	0.925	0.9211	0.0334
14	10	0.702	0.7110	0.1190	0.861	0.8701	0.0598	0.892	0.8926	0.0431
14	11	0.742	0.7340	0.0978	0.873	0.8765	0.0516	0.900	0.8952	0.0417
14	12	0.7325	0.7326	0.1024	0.874	0.8688	0.0592	0.8855	0.8828	0.0515
14	13	0.6185	0.6313	0.1576	0.83	0.8262	0.0821	0.8595	0.8481	0.0753
14	1	0.9595	0.9290	0.0769	0.982	0.9669	0.0395	0.974	0.9512	0.0644
14	2	0.933	0.9032	0.1025	0.966	0.9583	0.0388	0.966	0.9509	0.0456
14	3	0.857	0.8506	0.0836	0.934	0.9302	0.0405	0.941	0.9362	0.0359
14	4	0.831	0.8381	0.0795	0.924	0.9251	0.0371	0.937	0.9385	0.0302
14	5	0.784	0.7855	0.0943	0.912	0.9042	0.0460	0.9205	0.9189	0.0358
14	6	0.812	0.8169	0.0752	0.9185	0.9170	0.0378	0.934	0.9304	0.0312
14	7	0.785	0.7843	0.1086	0.9065	0.9093	0.0452	0.919	0.9165	0.0416
14	8	0.795	0.7948	0.0916	0.903	0.9077	0.0425	0.924	0.9188	0.0376
14	9	0.7685	0.7708	0.1022	0.897	0.8976	0.0479	0.907	0.9069	0.0405
15	10	0.766	0.7575	0.1215	0.885	0.8828	0.0636	0.912	0.9055	0.0488
15	11	0.783	0.7874	0.1317	0.8915	0.8969	0.0620	0.918	0.9129	0.0550
15	12	0.6935	0.6886	0.0930	0.854	0.8555	0.0488	0.8795	0.8759	0.0417
15	13	0.672	0.6837	0.1081	0.843	0.8478	0.0602	0.870	0.8709	0.0466
15	14	0.6165	0.6117	0.1175	0.81	0.8082	0.0679	0.831	0.8249	0.0577
15	1	0.948	0.9362	0.0471	0.973	0.9704	0.0218	0.965	0.9544	0.0362
15	2	0.898	0.8672	0.1095	0.948	0.9365	0.0518	0.950	0.9333	0.0543
15	3	0.876	0.8482	0.0967	0.943	0.9298	0.0520	0.9435	0.9346	0.0438
15	4	0.857	0.8416	0.1011	0.936	0.9271	0.0482	0.944	0.9323	0.0438
15	5	0.8495	0.8472	0.0887	0.935	0.9314	0.0402	0.9455	0.9409	0.0323
15	6	0.814	0.8160	0.0896	0.916	0.9172	0.0400	0.935	0.9343	0.0315
15	7	0.769	0.7692	0.1067	0.886	0.8909	0.0475	0.920	0.9153	0.0400
15	8	0.8305	0.8169	0.1198	0.911	0.9127	0.0514	0.9275	0.9249	0.0441
15	9	0.827	0.8137	0.1036	0.919	0.9153	0.0454	0.927	0.9210	0.0489
16	10	0.745	0.7483	0.0908	0.881	0.8811	0.0453	0.908	0.9037	0.0370
16	11	0.706	0.7040	0.0854	0.861	0.8606	0.0469	0.885	0.8803	0.0381
16	12	0.697	0.6874	0.1346	0.855	0.8564	0.0608	0.883	0.8709	0.0601
16	13	0.519	0.5426	0.1233	0.7845	0.7869	0.0759	0.8005	0.7971	0.0677
16	1	0.953	0.9407	0.0572	0.981	0.9700	0.0399	0.975	0.9615	0.0373
16	2	0.904	0.8771	0.1323	0.967	0.9561	0.0362	0.960	0.9430	0.0590
16	3	0.836	0.8232	0.0855	0.927	0.9191	0.0419	0.932	0.9226	0.0454
16	4	0.7615	0.7590	0.1131	0.8965	0.8953	0.0477	0.9015	0.8976	0.0513
16	5	0.8	0.7687	0.1362	0.9025	0.8897	0.0697	0.9165	0.9048	0.0591
16	6	0.776	0.7947	0.1075	0.890	0.8994	0.0539	0.915	0.9178	0.0385
16	7	0.763	0.7560	0.0976	0.894	0.8897	0.0464	0.9235	0.9157	0.0336
16	8	0.7685	0.7677	0.1083	0.9005	0.8964	0.0462	0.906	0.9056	0.0416
16	9	0.834	0.8315	0.0890	0.925	0.9225	0.0399	0.937	0.9323	0.0335
17	10	0.751	0.7532	0.0906	0.879	0.8834	0.0395	0.909	0.9082	0.0313
17	11	0.745	0.7551	0.1144	0.884	0.8879	0.0585	0.897	0.8991	0.0463
17	12	0.694	0.7063	0.1349	0.852	0.8603	0.0634	0.870	0.8801	0.0550
17	13	0.715	0.7183	0.1323	0.867	0.8623	0.0683	0.894	0.8882	0.0586
17	14	0.749	0.7290	0.1286	0.8785	0.8747	0.0651	0.8925	0.8786	0.0622
17	1	0.956	0.9414	0.0478	0.978	0.9713	0.0208	0.976	0.9675	0.0285
17	2	0.8345	0.8339	0.1181	0.9115	0.9163	0.0604	0.928	0.9290	0.0454
17	3	0.774	0.7647	0.1248	0.8965	0.8933	0.0563	0.9175	0.9112	0.0446
17	4	0.758	0.7585	0.1077	0.879	0.8841	0.0579	0.907	0.9020	0.0441
17	5	0.8145	0.8085	0.1297	0.9075	0.9132	0.0601	0.9275	0.9218	0.0556
17	6	0.785	0.7827	0.1043	0.893	0.9010	0.0456	0.919	0.9182	0.0375
17	7	0.781	0.7724	0.1017	0.895	0.8930	0.0489	0.913	0.9074	0.0413
17	8	0.801	0.7867	0.1261	0.909	0.9046	0.0508	0.9225	0.9126	0.0471
17	9	0.779	0.7599	0.1133	0.893	0.8921	0.0487	0.912	0.9027	0.0500
18	10	0.552	0.5721	0.1837	0.798	0.7970	0.0964	0.8135	0.7976	0.1097
18	11	0.697	0.6501	0.2263	0.863	0.8382	0.1108	0.876	0.8455	0.1045
18	12	0.5065	0.5180	0.1626	0.779	0.7756	0.0916	0.8	0.7916	0.0758
18	1	0.9295	0.9042	0.0809	0.9725	0.9646	0.0308	0.964	0.9359	0.0639
18	2	0.889	0.8798	0.0742	0.948	0.9442	0.0363	0.960	0.9534	0.0285
18	3	0.8545	0.8489	0.1092	0.9395	0.9366	0.0437	0.949	0.9401	0.0444
18	4	0.834	0.8213	0.1197	0.926	0.9175	0.0535	0.9435	0.9339	0.0500
18	5	0.7955	0.7921	0.0822	0.908	0.9056	0.0372	0.932	0.9238	0.0412
18	6	0.788	0.7772	0.0941	0.896	0.8924	0.0476	0.922	0.9165	0.0385
18	7	0.7645	0.7546	0.1016	0.8905	0.8872	0.0506	0.91	0.9059	0.0385
18	8	0.786	0.7915	0.1021	0.897	0.8995	0.0525	0.925	0.9181	0.0421
18	9	0.7725	0.7709	0.1013	0.8995	0.8931	0.0539	0.915	0.9061	0.0482
19	10	0.750	0.7445	0.0816	0.878	0.8745	0.0399	0.898	0.8972	0.0331
19	11	0.699	0.7115	0.0884	0.857	0.8552	0.0539	0.882	0.8788	0.0373
19	12	0.587	0.6025	0.1493	0.798	0.8059	0.0817	0.812	0.8225	0.0607
19	1	0.955	0.9345	0.0644	0.984	0.9716	0.0281	0.976	0.9628	0.0347
19	2	0.907	0.8945	0.0616	0.960	0.9518	0.0299	0.967	0.9585	0.0242
19	3	0.879	0.8723	0.0637	0.945	0.9374	0.0302	0.952	0.9453	0.0276
19	4	0.851	0.8472	0.0902	0.9275	0.9289	0.0413	0.9495	0.9463	0.0317
19	5	0.8335	0.8235	0.1168	0.9205	0.9173	0.0591	0.928	0.9268	0.0432
19	6	0.787	0.7799	0.1018	0.905	0.9026	0.0408	0.916	0.9096	0.0397
19	7	0.792	0.7738	0.1239	0.903	0.8903	0.0615	0.921	0.9140	0.0413
19	8	0.766	0.7699	0.0923	0.891	0.8937	0.0434	0.91	0.9084	0.0366
19	9	0.731	0.7353	0.1200	0.870	0.8734	0.0575	0.895	0.8952	0.0458
1	10	0.8325	0.8226	0.0787	0.9235	0.9206	0.0384	0.938	0.9334	0.0313
1	11	0.825	0.8191	0.0988	0.912	0.9159	0.0436	0.9355	0.9281	0.0421
1	12	0.7665	0.7569	0.1408	0.901	0.8957	0.0551	0.9105	0.9043	0.0582
1	13	0.888	0.8695	0.0987	0.946	0.9422	0.0377	0.957	0.9477	0.0382
1	14	0.8775	0.8634	0.0800	0.945	0.9387	0.0391	0.956	0.9443	0.0357
1	15	0.862	0.8450	0.1032	0.936	0.9282	0.0462	0.938	0.9322	0.0397
1	16	0.813	0.7977	0.1122	0.915	0.9117	0.0425	0.929	0.9256	0.0372
1	17	0.7935	0.7822	0.0957	0.9085	0.9042	0.0487	0.9105	0.9060	0.0417
1	18	0.791	0.7886	0.0972	0.907	0.9030	0.0441	0.922	0.9194	0.0369
1	19	0.770	0.7753	0.1069	0.894	0.8912	0.0545	0.912	0.9101	0.0426
1	1	0.937	0.9079	0.0834	0.975	0.9628	0.0379	0.964	0.9451	0.0546
1	20	0.803	0.7752	0.1368	0.905	0.8949	0.0619	0.911	0.9050	0.0538
1	21	0.9725	0.9342	0.0825	0.987	0.9695	0.0399	0.983	0.9666	0.0429
1	22	0.7465	0.7412	0.1364	0.8965	0.8811	0.0647	0.8965	0.8807	0.0754
1	23	0.655	0.6585	0.1246	0.858	0.8530	0.0642	0.869	0.8640	0.0526
1	24	0.765	0.7367	0.1575	0.8985	0.8924	0.0653	0.8895	0.8781	0.0696
1	25	0.4705	0.4367	0.1706	0.7295	0.7367	0.1006	0.723	0.7131	0.0921
1	2	0.8605	0.8595	0.0711	0.936	0.9335	0.0361	0.9475	0.9455	0.0263
1	3	0.761	0.7667	0.1152	0.885	0.8868	0.0539	0.909	0.9064	0.0451
1	4	0.787	0.7809	0.1006	0.899	0.8977	0.0483	0.921	0.9183	0.0372
1	5	0.7725	0.7587	0.0971	0.894	0.8923	0.0439	0.913	0.9053	0.0372
1	6	0.7555	0.7544	0.1076	0.8895	0.8872	0.0515	0.8935	0.8907	0.0462
1	7	0.784	0.7721	0.1176	0.9065	0.8954	0.0519	0.917	0.9075	0.0453
1	8	0.7985	0.7840	0.1030	0.906	0.9020	0.0456	0.923	0.9145	0.0428
1	9	0.784	0.7891	0.1149	0.900	0.9030	0.0484	0.918	0.9144	0.0462
20	10	0.745	0.7497	0.1317	0.889	0.8850	0.0602	0.890	0.8886	0.0620
20	11	0.7155	0.7252	0.1259	0.875	0.8772	0.0620	0.8735	0.8707	0.0596
20	12	0.4805	0.5328	0.2237	0.7655	0.7767	0.1160	0.733	0.7482	0.1263
20	1	0.9345	0.9189	0.0629	0.97	0.9641	0.0287	0.961	0.9489	0.0439
20	2	0.861	0.8341	0.1153	0.939	0.9251	0.0547	0.943	0.9351	0.0413
20	3	0.821	0.8044	0.0925	0.919	0.9147	0.0414	0.934	0.9256	0.0396
20	4	0.770	0.7680	0.1041	0.891	0.8913	0.0534	0.912	0.9118	0.0382
20	5	0.7035	0.7141	0.0865	0.862	0.8666	0.0489	0.8915	0.8921	0.0343
20	6	0.685	0.6855	0.1162	0.846	0.8508	0.0545	0.878	0.8736	0.0492
20	7	0.750	0.7612	0.1223	0.891	0.8950	0.0568	0.911	0.9082	0.0524
20	8	0.813	0.8179	0.1502	0.930	0.9199	0.0649	0.927	0.9270	0.0565
20	9	0.840	0.8280	0.1108	0.934	0.9209	0.0524	0.936	0.9280	0.0447
21	10	0.654	0.6582	0.1034	0.842	0.8400	0.0571	0.852	0.8531	0.0451
21	11	0.585	0.6039	0.1336	0.805	0.8117	0.0726	0.821	0.8271	0.0547
21	1	0.9475	0.9235	0.0764	0.976	0.9713	0.0165	0.9655	0.9545	0.0355
21	2	0.895	0.8765	0.0762	0.948	0.9417	0.0380	0.954	0.9481	0.0296
21	3	0.7985	0.7839	0.1039	0.901	0.8983	0.0513	0.915	0.9111	0.0428
21	4	0.772	0.7789	0.0939	0.899	0.8990	0.0454	0.922	0.9205	0.0308
21	5	0.7245	0.7596	0.1411	0.872	0.8864	0.0687	0.906	0.9043	0.0587
21	6	0.894	0.8789	0.0861	0.952	0.9439	0.0439	0.957	0.9509	0.0356
21	7	0.786	0.7852	0.1061	0.899	0.8987	0.0471	0.909	0.9099	0.0462
21	8	0.69	0.7172	0.1593	0.864	0.8655	0.0803	0.887	0.8934	0.0551
21	9	0.738	0.7374	0.1586	0.8805	0.8789	0.0775	0.8905	0.8847	0.0690
22	10	0.744	0.7305	0.1259	0.8815	0.8766	0.0519	0.902	0.8922	0.0489
22	11	0.740	0.7550	0.1510	0.884	0.8909	0.0695	0.903	0.9004	0.0656
22	12	0.686	0.6805	0.0928	0.85	0.8469	0.0538	0.8775	0.8738	0.0456
22	13	0.573	0.5663	0.1331	0.792	0.7926	0.0750	0.816	0.8063	0.0722
22	1	0.979	0.9706	0.0258	0.990	0.9868	0.0114	0.988	0.9844	0.0144
22	2	0.925	0.9155	0.0670	0.969	0.9633	0.0274	0.973	0.9654	0.0308
22	3	0.859	0.8575	0.0853	0.9365	0.9351	0.0414	0.951	0.9460	0.0341
22	4	0.842	0.8354	0.1015	0.934	0.9296	0.0429	0.939	0.9328	0.0412
22	5	0.827	0.8237	0.0900	0.915	0.9178	0.0424	0.944	0.9418	0.0255
22	6	0.820	0.8145	0.0848	0.924	0.9182	0.0401	0.933	0.9277	0.0340
22	7	0.813	0.7950	0.1408	0.916	0.9102	0.0588	0.9175	0.9181	0.0519
22	8	0.8055	0.8036	0.0866	0.9125	0.9096	0.0438	0.93	0.9289	0.0331
22	9	0.8005	0.7835	0.0968	0.91	0.9041	0.0419	0.92	0.9172	0.0355
23	10	0.627	0.6389	0.0913	0.838	0.8357	0.0514	0.862	0.8600	0.0385
23	11	0.586	0.5929	0.1218	0.818	0.8110	0.0702	0.831	0.8243	0.0602
23	1	0.916	0.9138	0.0560	0.962	0.9617	0.0233	0.962	0.9560	0.0338
23	2	0.833	0.8321	0.0841	0.924	0.9255	0.0364	0.941	0.9377	0.0304
23	3	0.768	0.7734	0.0846	0.896	0.8948	0.0415	0.9175	0.9153	0.0320
23	4	0.797	0.7933	0.1034	0.903	0.9049	0.0489	0.917	0.9177	0.0378
23	5	0.814	0.8101	0.1076	0.908	0.9097	0.0487	0.9345	0.9326	0.0418
23	6	0.832	0.8223	0.0933	0.915	0.9173	0.0437	0.936	0.9329	0.0328
23	7	0.7985	0.8066	0.1305	0.9205	0.9148	0.0573	0.9305	0.9298	0.0423
23	8	0.8225	0.8051	0.1210	0.9125	0.9062	0.0574	0.9295	0.9252	0.0462
23	9	0.6865	0.6884	0.0917	0.8595	0.8575	0.0522	0.891	0.8829	0.0458
24	10	0.481	0.4976	0.1882	0.764	0.7572	0.1035	0.7355	0.7540	0.1001
24	1	0.95	0.9409	0.0477	0.982	0.9762	0.0206	0.983	0.9695	0.0310
24	2	0.886	0.8786	0.0767	0.946	0.9429	0.0366	0.959	0.9555	0.0264
24	3	0.806	0.7956	0.0799	0.905	0.9047	0.0371	0.928	0.9250	0.0305
24	4	0.7865	0.7897	0.1047	0.903	0.9051	0.0460	0.9225	0.9264	0.0319
24	5	0.842	0.8257	0.1072	0.928	0.9179	0.0549	0.931	0.9238	0.0560
24	6	0.793	0.8028	0.0986	0.908	0.9108	0.0487	0.922	0.9238	0.0372
24	7	0.768	0.7542	0.1078	0.882	0.8803	0.0560	0.903	0.8970	0.0447
24	8	0.6295	0.6241	0.1245	0.822	0.8228	0.0601	0.844	0.8410	0.0498
24	9	0.5885	0.5975	0.1347	0.814	0.8111	0.0734	0.8295	0.8246	0.0711
25	10	0.665	0.6723	0.1905	0.849	0.8448	0.0963	0.853	0.8541	0.0853
25	11	0.601	0.5731	0.1555	0.787	0.7909	0.0767	0.809	0.7913	0.0929
25	1	0.972	0.9466	0.0882	0.988	0.9804	0.0216	0.984	0.9640	0.0661
25	2	0.9055	0.8904	0.0771	0.956	0.9515	0.0335	0.959	0.9497	0.0359
25	3	0.841	0.8380	0.0930	0.9305	0.9275	0.0399	0.9445	0.9337	0.0562
25	4	0.835	0.8391	0.0884	0.931	0.9286	0.0400	0.938	0.9375	0.0307
25	5	0.842	0.8442	0.0794	0.925	0.9279	0.0368	0.941	0.9377	0.0308
25	6	0.801	0.7955	0.1012	0.8995	0.8999	0.0475	0.918	0.9163	0.0396
25	7	0.76	0.7730	0.1168	0.9	0.8999	0.0568	0.9115	0.9151	0.0449
25	8	0.727	0.7211	0.1172	0.860	0.8616	0.0675	0.873	0.8777	0.0528
25	9	0.685	0.6791	0.1042	0.852	0.8466	0.0580	0.865	0.8622	0.0462
26	1	0.8415	0.8316	0.1053	0.921	0.9196	0.0519	0.935	0.9309	0.0473
26	2	0.798	0.7951	0.1314	0.9065	0.8990	0.0684	0.921	0.9151	0.0556
26	3	0.7455	0.7491	0.1384	0.896	0.8855	0.0677	0.8985	0.8918	0.0575
26	4	0.747	0.7554	0.1429	0.886	0.8879	0.0650	0.906	0.8979	0.0605
26	5	0.742	0.7350	0.1167	0.880	0.8769	0.0596	0.894	0.8913	0.0492
26	6	0.767	0.7789	0.1035	0.898	0.9008	0.0484	0.908	0.9112	0.0434
26	7	0.623	0.6308	0.1879	0.834	0.8354	0.0920	0.824	0.8272	0.0908
26	8	0.580	0.5838	0.1082	0.803	0.8018	0.0629	0.835	0.8276	0.0488
26	9	0.464	0.4637	0.1146	0.733	0.7447	0.0766	0.763	0.7583	0.0627
27	10	0.598	0.6084	0.2099	0.804	0.8111	0.1100	0.807	0.8181	0.0927
27	1	0.938	0.9275	0.0576	0.975	0.9674	0.0270	0.970	0.9606	0.0308
27	2	0.791	0.7864	0.1029	0.900	0.9003	0.0495	0.917	0.9140	0.0387
27	3	0.76	0.7448	0.1174	0.883	0.8828	0.0547	0.904	0.8996	0.0494
27	4	0.759	0.7661	0.1001	0.888	0.8924	0.0519	0.9055	0.9074	0.0394
27	5	0.7695	0.7699	0.0928	0.891	0.8906	0.0439	0.913	0.9054	0.0353
27	6	0.753	0.7493	0.0959	0.8935	0.8871	0.0481	0.901	0.8993	0.0370
27	7	0.7445	0.7456	0.0836	0.8815	0.8817	0.0438	0.91	0.9071	0.0312
27	8	0.733	0.7386	0.0999	0.878	0.8791	0.0471	0.906	0.9063	0.0347
27	9	0.683	0.6899	0.1101	0.858	0.8587	0.0536	0.880	0.8846	0.0408
28	1	0.905	0.8822	0.0917	0.955	0.9472	0.0334	0.957	0.9455	0.0394
28	2	0.829	0.8114	0.1138	0.928	0.9192	0.0492	0.932	0.9189	0.0515
28	3	0.846	0.8381	0.0885	0.939	0.9276	0.0401	0.942	0.9346	0.0360
28	4	0.795	0.8029	0.1090	0.909	0.9083	0.0496	0.930	0.9233	0.0448
28	5	0.782	0.7849	0.0808	0.9	0.9009	0.0386	0.921	0.9207	0.0282
28	6	0.664	0.6822	0.1465	0.851	0.8544	0.0705	0.868	0.8618	0.0701
28	7	0.6505	0.6562	0.1284	0.834	0.8366	0.0652	0.854	0.8564	0.0605
28	8	0.663	0.6613	0.1098	0.845	0.8416	0.0585	0.865	0.8599	0.0529
28	9	0.51	0.4978	0.1970	0.748	0.7643	0.1038	0.7645	0.7510	0.1127
29	1	0.8695	0.8544	0.0793	0.935	0.9327	0.0324	0.944	0.9428	0.0287
29	2	0.799	0.7847	0.1225	0.905	0.8977	0.0583	0.917	0.9093	0.0504
29	3	0.721	0.7143	0.0896	0.861	0.8619	0.0471	0.891	0.8850	0.0399
29	4	0.829	0.8284	0.0989	0.92	0.9176	0.0509	0.936	0.9323	0.0375
29	5	0.768	0.7691	0.0946	0.8905	0.8939	0.0481	0.9145	0.9101	0.0373
29	6	0.763	0.7620	0.1115	0.894	0.8904	0.0549	0.917	0.9127	0.0437
29	7	0.7295	0.7248	0.0870	0.872	0.8723	0.0412	0.892	0.8876	0.0380
29	8	0.719	0.7192	0.1127	0.869	0.8674	0.0607	0.883	0.8819	0.0484
29	9	0.572	0.5675	0.1339	0.782	0.7840	0.0794	0.813	0.8088	0.0673
2	10	0.885	0.8679	0.0857	0.949	0.9418	0.0398	0.949	0.9419	0.0384
2	11	0.8755	0.8668	0.0842	0.946	0.9405	0.0370	0.952	0.9466	0.0314
2	12	0.8135	0.8097	0.1062	0.918	0.9187	0.0461	0.928	0.9251	0.0460
2	13	0.699	0.7058	0.1761	0.864	0.8625	0.0820	0.875	0.8777	0.0696
2	14	0.7115	0.7097	0.1470	0.8705	0.8679	0.0673	0.8815	0.8832	0.0606
2	15	0.7545	0.7362	0.1658	0.889	0.8778	0.0822	0.8935	0.8860	0.0682
2	16	0.7325	0.7463	0.1085	0.878	0.8737	0.0638	0.886	0.8853	0.0518
2	17	0.635	0.6343	0.2143	0.831	0.8238	0.1115	0.833	0.8250	0.1098
2	18	0.441	0.4623	0.1577	0.737	0.7407	0.0898	0.727	0.7232	0.1072
2	1	0.959	0.9402	0.0537	0.981	0.9733	0.0241	0.974	0.9632	0.0328
2	2	0.822	0.8159	0.1066	0.924	0.9176	0.0471	0.9235	0.9221	0.0385
2	3	0.752	0.7552	0.1353	0.894	0.8894	0.0641	0.907	0.9015	0.0525
2	4	0.762	0.7481	0.1289	0.895	0.8910	0.0603	0.903	0.8943	0.0562
2	5	0.746	0.7535	0.1180	0.894	0.8955	0.0519	0.9105	0.9107	0.0428
2	6	0.763	0.7609	0.0948	0.897	0.8887	0.0496	0.908	0.9046	0.0391
2	7	0.790	0.7750	0.1096	0.895	0.8968	0.0423	0.921	0.9084	0.0550
2	8	0.837	0.8311	0.0864	0.918	0.9177	0.0446	0.932	0.9298	0.0359
2	9	0.875	0.8653	0.0788	0.951	0.9430	0.0328	0.9505	0.9461	0.0330
30	1	0.940	0.9303	0.0527	0.976	0.9694	0.0233	0.971	0.9663	0.0276
30	2	0.8845	0.8703	0.0770	0.951	0.9440	0.0349	0.946	0.9444	0.0303
30	3	0.859	0.8566	0.0988	0.936	0.9308	0.0473	0.942	0.9388	0.0381
30	4	0.7945	0.7892	0.0957	0.899	0.8967	0.0488	0.925	0.9178	0.0385
30	5	0.904	0.8927	0.0760	0.955	0.9489	0.0359	0.959	0.9537	0.0322
30	6	0.69	0.7079	0.1294	0.859	0.8694	0.0589	0.8825	0.8822	0.0508
30	7	0.699	0.7089	0.1356	0.8575	0.8608	0.0717	0.867	0.8712	0.0605
30	8	0.540	0.5379	0.1416	0.768	0.7783	0.0872	0.792	0.7919	0.0589
30	9	0.609	0.5854	0.2457	0.827	0.8218	0.1185	0.838	0.8156	0.1124
31	1	0.911	0.8984	0.0588	0.960	0.9555	0.0272	0.959	0.9546	0.0268
31	2	0.812	0.8061	0.0694	0.907	0.9060	0.0351	0.934	0.9279	0.0294
31	3	0.773	0.7759	0.0806	0.890	0.8902	0.0387	0.915	0.9085	0.0313
31	4	0.802	0.7925	0.0716	0.9	0.9018	0.0356	0.925	0.9212	0.0273
31	5	0.734	0.7293	0.0921	0.861	0.8723	0.0497	0.898	0.8936	0.0378
31	6	0.628	0.6093	0.1104	0.822	0.8184	0.0715	0.835	0.8252	0.0546
31	7	0.673	0.6833	0.1248	0.842	0.8503	0.0649	0.869	0.8713	0.0509
31	8	0.502	0.4823	0.2211	0.764	0.7478	0.1182	0.761	0.7459	0.1514
32	1	0.885	0.8772	0.0788	0.946	0.9435	0.0326	0.953	0.9446	0.0413
32	2	0.78	0.7677	0.1050	0.8965	0.8909	0.0526	0.8965	0.8971	0.0452
32	3	0.6985	0.7035	0.1034	0.854	0.8596	0.0546	0.8865	0.8859	0.0398
32	4	0.694	0.6960	0.1020	0.864	0.8555	0.0548	0.880	0.8786	0.0398
32	5	0.730	0.7373	0.1146	0.873	0.8717	0.0572	0.903	0.8993	0.0427
32	6	0.751	0.7319	0.1022	0.883	0.8730	0.0554	0.900	0.8925	0.0451
32	7	0.652	0.6661	0.1111	0.845	0.8461	0.0572	0.861	0.8622	0.0416
32	8	0.69	0.6913	0.1019	0.847	0.8473	0.0598	0.874	0.8695	0.0445
33	1	0.871	0.8693	0.0719	0.939	0.9349	0.0348	0.949	0.9450	0.0299
33	2	0.755	0.7608	0.1360	0.8935	0.8854	0.0687	0.9125	0.9031	0.0595
33	3	0.6695	0.6772	0.0983	0.838	0.8445	0.0586	0.8615	0.8555	0.0413
33	4	0.741	0.7334	0.1273	0.886	0.8770	0.0651	0.904	0.8935	0.0562
33	5	0.658	0.6686	0.1252	0.8395	0.8365	0.0659	0.8615	0.8667	0.0480
33	6	0.703	0.7154	0.1569	0.8735	0.8637	0.0839	0.8835	0.8795	0.0669
33	7	0.562	0.6194	0.1877	0.792	0.8123	0.0990	0.817	0.8234	0.0817
34	1	0.956	0.9350	0.0550	0.979	0.9718	0.0248	0.980	0.9739	0.0190
34	2	0.8535	0.8431	0.0898	0.931	0.9253	0.0433	0.944	0.9376	0.0346
34	3	0.753	0.7501	0.1352	0.882	0.8830	0.0716	0.9035	0.8938	0.0607
34	4	0.7755	0.7910	0.1134	0.908	0.9036	0.0545	0.917	0.9181	0.0410
34	5	0.724	0.7202	0.0785	0.8625	0.8646	0.0427	0.884	0.8857	0.0322
34	6	0.7505	0.7496	0.0851	0.877	0.8778	0.0465	0.9005	0.8996	0.0351
34	7	0.749	0.7513	0.0934	0.882	0.8836	0.0470	0.895	0.8938	0.0386
34	8	0.695	0.6837	0.1058	0.849	0.8511	0.0544	0.883	0.8793	0.0407
34	9	0.6445	0.6290	0.1290	0.832	0.8268	0.0715	0.862	0.8493	0.0672
35	1	0.788	0.7807	0.0940	0.908	0.9034	0.0467	0.906	0.8955	0.0489
35	2	0.759	0.7512	0.1266	0.893	0.8861	0.0559	0.905	0.8947	0.0567
35	3	0.7305	0.7229	0.1070	0.868	0.8645	0.0554	0.891	0.8833	0.0482
35	4	0.612	0.6231	0.1310	0.826	0.8252	0.0602	0.852	0.8510	0.0526
35	5	0.690	0.6908	0.1327	0.857	0.8569	0.0693	0.868	0.8687	0.0591
35	6	0.5505	0.5434	0.1251	0.796	0.7876	0.0741	0.8045	0.7978	0.0588
36	1	0.737	0.7302	0.1237	0.890	0.8824	0.0597	0.887	0.8832	0.0552
36	2	0.7715	0.7801	0.1220	0.8875	0.8913	0.0599	0.9075	0.9096	0.0472
36	3	0.717	0.7231	0.1025	0.865	0.8660	0.0522	0.885	0.8832	0.0421
36	4	0.684	0.6994	0.1444	0.8555	0.8535	0.0727	0.8895	0.8792	0.0632
36	5	0.771	0.7684	0.1382	0.892	0.8874	0.0691	0.906	0.9045	0.0579
36	6	0.633	0.6434	0.1264	0.8295	0.8334	0.0697	0.8685	0.8637	0.0555
36	7	0.5425	0.5440	0.1048	0.771	0.7775	0.0666	0.809	0.8153	0.0480
37	1	0.8415	0.8389	0.0824	0.9295	0.9272	0.0403	0.934	0.9294	0.0402
37	2	0.751	0.7407	0.0979	0.885	0.8848	0.0466	0.8995	0.8971	0.0401
37	3	0.781	0.7774	0.1259	0.9	0.8983	0.0569	0.912	0.9102	0.0414
37	4	0.7265	0.7212	0.1275	0.884	0.8771	0.0594	0.892	0.8889	0.0532
37	5	0.713	0.7156	0.0900	0.860	0.8610	0.0526	0.881	0.8813	0.0394
37	6	0.577	0.5848	0.1255	0.793	0.7967	0.0754	0.813	0.8113	0.0655
37	7	0.511	0.5197	0.1242	0.781	0.7772	0.0757	0.791	0.7891	0.0658
38	1	0.6015	0.6030	0.1309	0.818	0.8260	0.0644	0.832	0.8322	0.0576
38	2	0.666	0.6695	0.1098	0.837	0.8444	0.0536	0.869	0.8676	0.0414
38	3	0.657	0.6505	0.0988	0.838	0.8326	0.0543	0.861	0.8580	0.0380
38	4	0.6445	0.6444	0.1069	0.834	0.8332	0.0638	0.867	0.8642	0.0409
38	5	0.631	0.6357	0.1207	0.8365	0.8351	0.0626	0.8585	0.8501	0.0590
3	10	0.762	0.7578	0.0915	0.882	0.8802	0.0439	0.897	0.8938	0.0474
3	11	0.7815	0.7888	0.0990	0.899	0.9017	0.0515	0.9225	0.9216	0.0370
3	12	0.818	0.7874	0.1243	0.912	0.8996	0.0559	0.929	0.9148	0.0502
3	13	0.7485	0.7691	0.1635	0.8865	0.8952	0.0763	0.895	0.8914	0.0763
3	14	0.801	0.7979	0.0753	0.9	0.9029	0.0371	0.925	0.9217	0.0283
3	15	0.7915	0.7956	0.0922	0.8995	0.9052	0.0450	0.919	0.9184	0.0394
3	16	0.764	0.7580	0.1032	0.891	0.8900	0.0489	0.903	0.9012	0.0437
3	17	0.728	0.7281	0.0787	0.875	0.8735	0.0419	0.8985	0.8943	0.0366
3	18	0.735	0.7263	0.1076	0.875	0.8709	0.0512	0.897	0.8913	0.0443
3	19	0.645	0.6221	0.1395	0.835	0.8246	0.0767	0.8475	0.8414	0.0610
3	1	0.975	0.9528	0.0622	0.985	0.9770	0.0246	0.982	0.9696	0.0336
3	2	0.849	0.8450	0.0849	0.936	0.9279	0.0402	0.944	0.9377	0.0323
3	3	0.829	0.8205	0.0826	0.918	0.9173	0.0399	0.932	0.9288	0.0307
3	4	0.838	0.8210	0.1071	0.925	0.9221	0.0373	0.939	0.9246	0.0584
3	5	0.782	0.7755	0.1222	0.897	0.8980	0.0560	0.915	0.9088	0.0507
3	6	0.8505	0.8401	0.1136	0.935	0.9303	0.0469	0.9405	0.9326	0.0429
3	7	0.852	0.8452	0.0913	0.936	0.9316	0.0396	0.9425	0.9389	0.0339
3	8	0.862	0.8471	0.0956	0.942	0.9315	0.0451	0.939	0.9288	0.0449
3	9	0.864	0.8441	0.0970	0.933	0.9257	0.0450	0.938	0.9279	0.0434
4	10	0.785	0.7879	0.0973	0.905	0.9018	0.0442	0.925	0.9207	0.0370
4	11	0.766	0.7638	0.1032	0.891	0.8946	0.0538	0.913	0.9108	0.0401
4	12	0.781	0.7739	0.1065	0.896	0.8919	0.0561	0.919	0.9151	0.0439
4	13	0.784	0.7580	0.1305	0.9025	0.8934	0.0649	0.919	0.9072	0.0575
4	14	0.8185	0.8080	0.1025	0.9175	0.9102	0.0513	0.9335	0.9263	0.0397
4	15	0.818	0.8162	0.0970	0.915	0.9172	0.0428	0.934	0.9313	0.0346
4	16	0.778	0.7760	0.0947	0.896	0.8951	0.0464	0.907	0.9058	0.0349
4	17	0.7505	0.7461	0.0920	0.88	0.8827	0.0438	0.908	0.9060	0.0354
4	18	0.667	0.6641	0.0927	0.849	0.8443	0.0585	0.865	0.8621	0.0466
4	1	0.975	0.9675	0.0276	0.990	0.9842	0.0147	0.986	0.9788	0.0221
4	2	0.8615	0.8550	0.0781	0.9335	0.9299	0.0381	0.941	0.9383	0.0329
4	3	0.814	0.7969	0.1374	0.918	0.9107	0.0604	0.922	0.9129	0.0586
4	4	0.833	0.8215	0.1156	0.927	0.9201	0.0541	0.937	0.9297	0.0449
4	5	0.788	0.7839	0.1304	0.8965	0.8897	0.0668	0.918	0.9158	0.0495
4	6	0.808	0.8117	0.1290	0.9	0.9070	0.0654	0.9255	0.9185	0.0599
4	7	0.816	0.7967	0.1108	0.918	0.9104	0.0522	0.928	0.9152	0.0545
4	8	0.79	0.7890	0.1045	0.91	0.9017	0.0561	0.91	0.9057	0.0490
4	9	0.770	0.7713	0.1135	0.887	0.8905	0.0562	0.918	0.9138	0.0423
5	10	0.847	0.8351	0.0918	0.927	0.9208	0.0457	0.944	0.9415	0.0309
5	11	0.768	0.7625	0.1020	0.885	0.8860	0.0482	0.915	0.9111	0.0416
5	12	0.665	0.6529	0.1198	0.840	0.8487	0.0642	0.838	0.8391	0.0577
5	13	0.8395	0.8332	0.1227	0.934	0.9256	0.0560	0.937	0.9313	0.0509
5	14	0.675	0.6823	0.1411	0.853	0.8469	0.0711	0.8545	0.8597	0.0581
5	15	0.733	0.7384	0.1073	0.877	0.8776	0.0576	0.906	0.9027	0.0374
5	16	0.835	0.8225	0.1299	0.930	0.9211	0.0602	0.929	0.9248	0.0559
5	17	0.771	0.7597	0.1494	0.901	0.8869	0.0735	0.912	0.9015	0.0575
5	18	0.591	0.6053	0.0993	0.8075	0.8163	0.0633	0.829	0.8309	0.0486
5	1	0.956	0.9480	0.0424	0.979	0.9757	0.0192	0.978	0.9722	0.0245
5	2	0.8185	0.8000	0.1139	0.9185	0.9143	0.0494	0.923	0.9182	0.0466
5	3	0.730	0.7249	0.1342	0.868	0.8683	0.0675	0.894	0.8855	0.0586
5	4	0.654	0.6689	0.1285	0.854	0.8487	0.0695	0.8585	0.8562	0.0588
5	5	0.75	0.7612	0.1459	0.882	0.8844	0.0698	0.899	0.8981	0.0605
5	6	0.7815	0.7852	0.1048	0.901	0.9009	0.0492	0.9275	0.9271	0.0348
5	7	0.812	0.8061	0.1217	0.9135	0.9114	0.0547	0.921	0.9175	0.0525
5	8	0.853	0.8351	0.0909	0.9335	0.9258	0.0412	0.9425	0.9351	0.0463
5	9	0.887	0.8623	0.1047	0.949	0.9389	0.0465	0.955	0.9412	0.0468
6	10	0.815	0.8091	0.0758	0.916	0.9137	0.0362	0.928	0.9249	0.0301
6	11	0.817	0.8126	0.0768	0.915	0.9138	0.0401	0.9335	0.9283	0.0327
6	12	0.8225	0.8257	0.1124	0.9155	0.9169	0.0563	0.929	0.9269	0.0451
6	13	0.7945	0.7866	0.1092	0.896	0.8984	0.0550	0.9195	0.9128	0.0442
6	14	0.708	0.7146	0.1054	0.857	0.8658	0.0518	0.888	0.8883	0.0376
6	15	0.700	0.7059	0.1090	0.851	0.8509	0.0615	0.877	0.8765	0.0454
6	16	0.647	0.6258	0.1383	0.82	0.8202	0.0740	0.853	0.8363	0.0750
6	1	0.969	0.9530	0.0446	0.985	0.9789	0.0205	0.984	0.9769	0.0237
6	2	0.8725	0.8386	0.1310	0.946	0.9270	0.0626	0.945	0.9331	0.0520
6	3	0.831	0.8112	0.1176	0.924	0.9180	0.0486	0.9325	0.9201	0.0548
6	4	0.6565	0.6811	0.1305	0.863	0.8529	0.0683	0.869	0.8690	0.0513
6	5	0.758	0.7571	0.1079	0.882	0.8882	0.0553	0.899	0.9008	0.0428
6	6	0.817	0.8149	0.0992	0.907	0.9081	0.0556	0.9265	0.9229	0.0406
6	7	0.872	0.8613	0.0843	0.9395	0.9339	0.0412	0.958	0.9488	0.0334
6	8	0.811	0.8111	0.1030	0.9225	0.9173	0.0482	0.9215	0.9222	0.0382
6	9	0.8205	0.8122	0.1218	0.926	0.9192	0.0593	0.9345	0.9200	0.0577
7	10	0.809	0.8247	0.1234	0.918	0.9244	0.0486	0.936	0.9386	0.0395
7	11	0.801	0.7954	0.0958	0.912	0.9100	0.0408	0.924	0.9239	0.0341
7	12	0.775	0.7689	0.1199	0.91	0.8984	0.0590	0.9175	0.9101	0.0485
7	13	0.756	0.7578	0.0990	0.8845	0.8885	0.0442	0.918	0.9102	0.0391
7	14	0.7245	0.7406	0.1082	0.8755	0.8803	0.0551	0.886	0.8899	0.0435
7	15	0.766	0.7771	0.0992	0.899	0.8976	0.0506	0.9025	0.9051	0.0389
7	16	0.713	0.7246	0.1139	0.87	0.8737	0.0557	0.888	0.8896	0.0457
7	17	0.699	0.7172	0.1514	0.861	0.8620	0.0805	0.887	0.8862	0.0625
7	1	0.923	0.9134	0.0705	0.964	0.9594	0.0316	0.970	0.9608	0.0335
7	2	0.793	0.7984	0.0936	0.905	0.9051	0.0466	0.933	0.9331	0.0310
7	3	0.756	0.7613	0.1125	0.889	0.8874	0.0535	0.905	0.9040	0.0427
7	4	0.777	0.7768	0.0923	0.889	0.8922	0.0469	0.9245	0.9197	0.0363
7	5	0.800	0.7951	0.1018	0.909	0.9049	0.0481	0.929	0.9274	0.0348
7	6	0.7885	0.7925	0.0987	0.909	0.9026	0.0476	0.918	0.9118	0.0458
7	7	0.8425	0.8310	0.0888	0.915	0.9191	0.0391	0.936	0.9343	0.0339
7	8	0.862	0.8465	0.0933	0.934	0.9289	0.0453	0.941	0.9390	0.0353
7	9	0.8075	0.7939	0.1126	0.919	0.9090	0.0584	0.9175	0.9057	0.0527
8	10	0.826	0.8231	0.0942	0.923	0.9148	0.0498	0.935	0.9327	0.0353
8	11	0.776	0.7760	0.1204	0.902	0.9008	0.0540	0.920	0.9159	0.0458
8	12	0.762	0.7489	0.0950	0.890	0.8893	0.0402	0.909	0.9063	0.0347
8	13	0.6725	0.6817	0.1209	0.8545	0.8526	0.0625	0.8765	0.8772	0.0485
8	14	0.622	0.6464	0.1392	0.835	0.8344	0.0733	0.838	0.8453	0.0607
8	15	0.721	0.6827	0.1583	0.8755	0.8510	0.0843	0.8885	0.8641	0.0763
8	16	0.8155	0.7159	0.2366	0.91	0.8766	0.1061	0.832	0.7999	0.1539
8	1	0.930	0.9151	0.0751	0.973	0.9649	0.0254	0.968	0.9579	0.0354
8	2	0.84	0.8352	0.0904	0.927	0.9207	0.0442	0.938	0.9363	0.0337
8	3	0.789	0.7943	0.1101	0.906	0.9049	0.0514	0.921	0.9157	0.0456
8	4	0.8115	0.7980	0.1053	0.917	0.9079	0.0542	0.9245	0.9171	0.0449
8	5	0.8135	0.8114	0.0939	0.913	0.9128	0.0417	0.932	0.9302	0.0336
8	6	0.820	0.8143	0.0948	0.912	0.9124	0.0425	0.933	0.9277	0.0372
8	7	0.8105	0.8202	0.0941	0.923	0.9209	0.0420	0.937	0.9370	0.0340
8	8	0.842	0.8413	0.0792	0.927	0.9279	0.0358	0.948	0.9456	0.0279
8	9	0.855	0.8487	0.1046	0.937	0.9333	0.0467	0.956	0.9486	0.0355
9	10	0.820	0.8130	0.1276	0.919	0.9143	0.0592	0.921	0.9214	0.0531
9	11	0.623	0.6356	0.2308	0.840	0.8343	0.1218	0.854	0.8380	0.1112
9	12	0.6535	0.6699	0.1690	0.8425	0.8445	0.0834	0.855	0.8587	0.0662
9	13	0.580	0.6377	0.2166	0.825	0.8283	0.1123	0.804	0.8221	0.1073
9	1	0.874	0.8497	0.1318	0.940	0.9244	0.0718	0.944	0.9077	0.0891
9	2	0.633	0.6207	0.1687	0.824	0.8209	0.0883	0.833	0.8326	0.0763
9	3	0.7755	0.7533	0.1657	0.894	0.8872	0.0731	0.923	0.9103	0.0724
9	4	0.848	0.8548	0.1036	0.929	0.9321	0.0495	0.939	0.9327	0.0531
9	5	0.817	0.7995	0.1244	0.914	0.9051	0.0584	0.922	0.9090	0.0541
9	6	0.762	0.7410	0.1368	0.893	0.8854	0.0606	0.9105	0.8894	0.0670
9	7	0.743	0.7391	0.1099	0.866	0.8746	0.0569	0.8985	0.8910	0.0491
9	8	0.853	0.8312	0.1157	0.931	0.9199	0.0591	0.931	0.9243	0.0524
9	9	0.743	0.7443	0.1175	0.880	0.8818	0.0583	0.907	0.9071	0.0427
9	TOTAL	0.779	0.7679	0.1392	0.899	0.8920	0.0681	0.914	0.9048	0.0608
