pos	rate	cM
82400	0.102324574076916	0
101045	0.0894826512891502	0.00190784168366409
252750	0.0755941582555923	0.0154828072974846
265193	0.064094047431813	0.016423425408659
499809	0.0514463429133802	0.0314609144409212
530128	0.050378452528508	0.033020716111712
2552526	4.12983256500965	0.134905997748461
2619323	0.0488753108977825	0.410766423593412
2989197	1.58559952611256	0.428844130336418
3161378	0.0488945600317224	0.701854242342005
4336541	2.87694623337502	0.759313320192564
4430094	0.0488706130319254	1.0284602711635
4603304	0.564033907435681	1.03692515004676
5117099	0.0488751885771052	1.32672295151767
5481853	1.0673399569143	1.34455037205193
5729713	0.867397752851645	1.6091012537727
6033902	0.438444539970038	1.87295410881489
6635695	9.13143640914324	2.13680696385708
6664590	0.256191120155738	2.40065981889927
7637438	0.0146662778101589	2.64989483776054
8088643	2.00733048136616	2.65651233563987
8213174	0.0146653778518538	2.90648720781489
8245972	0.014851437942499	2.90696820287767
9313728	24.1565406361778	2.9228259148494
9325466	2.73729308406814	3.20637538883688
9336752	6.39349901476774	3.23726847858368
9405816	0.0148500072655633	3.67882909453959
9824916	0.0195689727892424	3.68505273258459
10269865	5.77248177401946	3.69375992745819
10357438	0.0195685270637369	4.1992734738544
10685996	2.38030372982929	4.20570286996941
10792432	0.0195683559780049	4.45905287775752
11076313	0.0610092918379023	4.46460796222091
11259817	1.26299736401157	4.47580341131033
11468905	0.061012967679534	4.73988100415678
11751150	45.3413797031829	4.75710160921949
11762276	0.0610189294413821	5.26156979979707
12204633	1.75223284499289	5.28856195036797
12353225	0.0610097850255302	5.54892973327115
12549978	10.3722434814376	5.56093359150428
12574346	0.0610178571092689	5.81368442065996
12987907	3.05356110645808	5.83891902666393
13029687	3.09751127762476	5.96649680969174
13071766	0.104878357412326	6.09683698674292
13682653	2.73331172713423	6.16090581186746
13778262	0.104861704917757	6.42223501278704
14237788	4.63282140307848	6.47042169260107
14293284	0.104831540435214	6.72752474918632
14478470	5.3870667574261	6.74693808283335
14526041	0.104824811615959	7.00320623555087
14650001	1.53224883166002	7.01620031919878
14799820	6.25478492937604	7.24576030690925
14826012	4.82689815753879	7.40958563377947
14852966	0.104825749225107	7.53968984671777
14985458	6.5164279929215	7.5535784198841
15024649	0.104815153411759	7.8089637493547
15060710	7.08256711147842	7.81274348860188
15096721	0.104856210386272	8.06779381285333
15506291	10.0736786250123	8.11073977094123
15556832	0.104875199232453	8.61987356232799
16139018	0.728522200399806	8.68093043506833
16542230	0.104819411128256	8.97467932853594
16617043	4.16750651895897	8.98252118314068
16678896	0.104860223421611	9.24029396385786
17124953	0.0634096484362085	9.28706760053663
17962145	8.03226114396549	9.34015365093024
17993676	0.0633831441222549	9.59341887706062
18171551	1.623227914481	9.60469315382137
18332662	0.0633802624632226	9.86621302635131
18438809	1.12693229811267	9.872940651071
18531685	2.42366614499476	9.97760561519051
18674720	1.35384601790025	10.3242747022398
18726040	0.976828652645625	10.3937540798785
18799706	2.40196873843726	10.4657131394043
18976745	0.976353668148806	10.8909552828885
19000624	0.0633787891869142	10.9142696321302
19070096	2.4331080190237	10.9186726833726
19176138	0.0633948929245736	11.1766843239259
19646365	5.00250321327401	11.2064943142411
19697239	0.0633765244763215	11.4609916627132
19710330	87.9157269044591	11.4618213247952
19713190	0.0633938433207327	11.7132603037421
20157305	3.17377443034575	11.7414144604685
20238093	0.0633761456739835	11.9978173491472
20241753	1.609672212698	11.9980493058404
20275672	3.57930183041461	12.0526477776229
20403927	0.0633858108358655	12.5117111338827
20648172	3.19057224397723	12.5271928012503
20728526	2.37175133528259	12.7835680433429
20837387	0.06339131930811	13.0417592654531
21218705	7.69279754260839	13.065931516549
21251639	0.0634017502545925	13.3192861108173
21892434	4.21820070388697	13.3599136353717
22026237	0.448579524029034	13.9243215441539
22175315	2.85422474323971	13.9911948824371
22279854	0.448293206432386	14.2895726828706
22286586	1.42696919546934	14.2925905927363
22456148	4.30639004066039	14.5345503434585
22543575	0.0633806930748196	14.9110451055433
22660441	4.36213930109287	14.9184521536202
22718894	0.0634067890604009	15.1734322821869
23484992	7.09126951862746	15.2220080964725
23520745	0.0634054636178207	15.4755422555721
24253885	1.40393934302685	15.5220273371688
24441357	0.0485276264038386	15.7852266536848
24471542	0.00471837717916372	15.7866914600878
25330803	1.18471706628918	15.7907457775811
25543737	0.00471831684561249	16.0430123213743
26131998	4.65084877642508	16.0457879231602
26186077	0.0047182765706567	16.2973011741405
26593430	4.75332093080291	16.2992231782564
26646342	0.020464408329612	16.5507308953471
27223071	1.47206990218986	16.5625333130986
27396172	0.0204622366190782	16.8173500852376
27454303	1.59059699755018	16.8185395755145
27614336	0.0204625088542609	17.0730875848234
27737484	0.574888621818834	17.0756075018638
28190753	0.020467427202151	17.336186692587
29488136	10.008512794951	17.3627407846928
29513292	0.0204627508496805	17.6145149325626
29694233	0.836730074902517	17.6182174831641
30002084	0.020464122558102	17.8758056734529
30510580	0.635278278759208	17.8862115979172
30887456	8.52501820349268	18.1256327345028
30893600	12.3318497056242	18.1780104463451
30919234	3.79873834999929	18.4941250816991
30960037	0.607524639553641	18.6491250025941
31131646	1.63069035509164	18.7533816984633
31378019	0.606926300501524	19.1551397733182
31387414	0.0204628842387234	19.1608418459115
31600210	0.0332690046094084	19.1651962658259
32254296	2.79297796184727	19.1869570559749
32345346	0.0332622291305731	19.4412576994011
32387201	1.65987821787729	19.4426498900013
32541683	0.0332818640756551	19.6990711968555
34356834	0.481776976005318	19.7594828057142
35480933	0.0332692613998931	20.3010478226648
36158216	9.49304372935028	20.3235805278335
36184777	0.033263501661305	20.5757252623288
36341643	11.6803720626945	20.5809431747804
36353798	12.5600636953343	20.7229180972024
36363192	0.917021205480019	20.8409073355564
36638132	0.0332633126837713	21.0930331457911
36777919	16.7950579270077	21.0976829244812
36792909	0.0332621440056364	21.3494408428071
36827070	4.19599095127056	21.3505771109085
36864250	6.50845630565189	21.5065840544767
36887372	2.34507091849418	21.657072581176
36934489	3.77547783624277	21.7675652876427
36972783	1.46374180043388	21.9121434359038
37110054	0.033295233249083	22.1130727365911
40131023	1.99022902626879	22.2136566040844
40259425	0.0332679054859043	22.4692059915154
40814217	2.48409479803277	22.4876627593357
40916743	0.0332661613599267	22.7423470625988
41313954	13.1689800542671	22.7555607478187
41333082	0.0332692870050552	23.0074569982967
42012678	0.880390457738886	23.0300666726682
42309336	0.0332645993234414	23.2912415450801
42565399	0.0175188840647422	23.2997593781766
42866911	34.6928491439652	23.3050415319488
42874157	0.0173476388105568	23.5564259168458
44055817	1.68753337165226	23.5769249277227
44204764	0.017345385582294	23.8282779608301
44637668	12.4602443738723	23.8357868476303
44657660	0.0173442314555648	24.0848920531527
44706943	1.07736880100127	24.0857468289116
44941633	0.0173457748030045	24.3385945128185
45503895	1.4901138385765	24.3483473828508
45672809	0.0173453204005113	24.6000484717801
46084049	7.82082901552814	24.6071815613417
46115927	0.0173457819041371	24.8564939486987
46680549	8.6506205133719	24.8662877587689
46709363	0.0173452876985597	25.1155467382413
47109734	0.368981032439817	25.1224912884224
47276211	1.23918794712491	25.1839181437599
47562731	0.368893510349953	25.5389702743701
47664929	13.4362604294482	25.5766704533409
47683968	0.368933930643569	25.8324834156571
47815857	0.0173446249333187	25.8811417428358
47995936	0.7628756361897	25.8842651455492
48275937	9.97978062533345	26.0978710865579
48302933	0.761402397837639	26.3672852443194
48329499	0.0173463190614208	26.3875126604204
49072633	1.33689952565067	26.4004032998898
49261161	0.0173443709582231	26.6524462936617
49356817	0.292165492042559	26.65410538681
49726121	7.16089653082178	26.7620032716833
49762343	0.29227584120989	27.0213852658228
50260763	0.0173458043871162	27.1670613905986
50832857	2.13858935905909	27.1769848212136
50950131	0.0173447770048628	27.4277857497079
51180758	0.00467136402421622	27.4317859235942
51220934	3.31509512821216	27.4319736003153
51296078	0.00467139082672764	27.6810831086297
51459078	3.65606243790518	27.6818445453344
51527205	0.00467140264643256	27.9309211110416
51744369	2.02194101762948	27.9319355715259
51867684	0.00467144914916495	28.1812712281149
52297944	8.19367750953495	28.1832811658258
52328321	0.00467136503490687	28.4321805075329
52373128	3.0942769732798	28.4323898173861
52429698	3.18847756521964	28.6074330657645
52453583	0.101857624659623	28.6835898524098
52479408	4.3019914232943	28.6862203255666
52491013	5.65608127076129	28.736144936034
52538517	1.44579283316322	29.0048314207202
52676044	0.101897997983762	29.2036669716866
53090798	7.62221925818906	29.2459295739424
53123878	0.101890347289237	29.4980725870033
53464962	4.39379385968927	29.5328257542181
53522928	0.101901876568558	29.7875164090888
53975024	2.30995471345639	29.8335858398779
54087707	0.101875609352224	30.0938784668544
54286835	1.00537074469784	30.1141647531934
54407328	4.81054321512339	30.2353048903343
54472778	1.00640142179702	30.5501549437641
54695019	1.5278275664639	30.7738186021457
54836850	0.622349459322622	30.9905119137249
54869564	9.26822696919687	31.0108714539372
54898346	0.622550742937911	31.2776295625646
54982999	0.525560527271866	31.3303303506065
55171872	0.00467136712622827	31.4295945440739
55226263	2.75521139204939	31.4298486244033
55316703	0.00467147210856836	31.6790299427002
55852171	0.749161081473845	31.6815313665272
56186312	0.004671456805029	31.931856799452
56651654	2.66616228833961	31.9340306245046
56745120	0.00467137103254456	32.1832261489465
56817412	5.23232379121937	32.1835638517012
56864997	0.00467138280914788	32.4325439793064
56991256	20.8560552604144	32.4331337834285
57003186	0.00467137169438858	32.6819465226852
57078511	6.70611524401787	32.6822983937581
57115631	0.00467139692267531	32.9312293916161
57306566	7.84918811748477	32.9321213247875
57338277	0.00467141655393854	33.1810269291811
57619172	2.44549623837581	33.182339106734
57721088	0.0046713853753274	33.4315743013643
57859107	1.71686266627296	33.4322190413024
58129350	0.791442417893702	33.896189158824
58245595	2.11722440889455	33.9881903826921
58433851	8.76706116987025	34.3867705810129
58465054	0.790873672313161	34.6603291906964
58490469	0.0046713670513524	34.6804292450783
58544517	0.645907872434742	34.6806817231246
58558230	1.04147257660124	34.6895390577793
58597546	1.9220854270619	34.730485593601
58699739	5.62437612434133	34.9269092696487
58767080	1.92249716076635	35.305660382238
58880400	1.04160067728701	35.523517760496
58931521	0.955297844967133	35.5767654287196
59018586	1.97995744034759	35.6599384355917
59186119	1.58010475029261	35.9916466454454
59262122	0.559673819367321	36.1117393467819
59378911	0.00467142605127074	36.177103092472
59703327	6.91230134854216	36.1786185778259
59739339	0.00467148538464764	36.4275443739896
60335642	0.851416196305754	36.4303299947389
60472523	1.99589158491968	36.5468726951054
60629036	1.14471922461628	36.859255674736
60690333	0.0046714198979961	36.9294235290473
60986552	2.42201467730031	36.930807292378
61089458	0.00467141321076801	37.1800471347603
61355033	3.94508326275369	37.1812877453237
61418163	0.00467138389017695	37.4303408517014
61549376	5.5242813328797	37.4309537979958
61594444	0.00467139914268877	37.679922109106
61795552	7.81747112763733	37.6808615648448
61825087	10.1184334062233	37.9117505745996
61827386	2.32696832943889	37.9350128530004
61932199	0.00467135817240155	38.1789093845139
61945559	3.65440170254985	38.1789717938591
62013717	0.00467136550441012	38.4280485051015
62060676	2.32661604188477	38.4282678677542
62155786	5.63924201039702	38.6495523194978
62167780	3.32193802858347	38.7171893881705
62197816	4.450067775552	38.8169671187971
62230663	2.63261842761342	38.9631384950206
62397031	1.1298877605083	39.4011219575858
62418395	0.0046713789019134	39.4252608797013
62526749	11.6098606023288	39.4257670422908
62548184	0.00467136402070927	39.6746244043017
62588343	3.03343781713904	39.6748120016094
62670475	0.00467136890382705	39.9239543164067
62733012	6.86300825139709	39.9242464498038
62758098	11.7871568743345	40.0964118747983
62769255	4.93468560046576	40.2279211840453
62808528	0.00467135735720579	40.4217210916324
62818148	4.20460910074477	40.4217660300902
62877377	0.00467136651960942	40.6708008225182
62928988	16.535174748175	40.6710419164157
62944181	0.156659621929737	40.9222608263648
63266965	0.221976417420686	40.9728280457697
63323488	5.90375173497279	40.9853748188116
63367278	4.1296269874088	41.2439001072861
63430955	0.221957032864094	41.5068623649633
63448136	5.47180235141718	41.5106758087449
63495653	0.222511460983918	41.7706794410772
63517429	28.5552022439779	41.7755248506516
63527818	4.53620613242067	42.0721848467644
63575226	0.222760452860358	42.2872373070902
64099135	0.29198493355757	42.4039435131878
64190787	2.18271949553886	42.4307045163182
64252143	5.73596941032286	42.5646274536865
64322551	0.29217006536093	42.9684855879285
64631131	7.60414811735672	43.0586434266976
64665242	0.29191878114784	43.3180285231288
64679291	5.09337017518487	43.3221296900852
64731245	0.291989796637264	43.5867506441667
64828600	3.52312012162285	43.6151773108183
64905814	0.292546990976312	43.8872115078893
65654925	3.76451938387056	44.1063616768466
65726769	0.292180521470646	44.3768198074614
66047590	3.57514087650671	44.4705574545401
66123580	0.292045219278743	44.7422324097459
66285912	11.5580785357925	44.7896406942818
66316462	3.38049324892023	45.1427399935504
66366602	0.292291932737083	45.3122379250512
66817780	1.89244063723051	45.4441136146797
66973744	0.291971581877634	45.7392662262247
67049737	2.92398834293971	45.7614540226463
67062988	2.86123823283117	45.8001997921786
67110832	41.2496599574558	45.9370928741902
67117330	2.85952808261795	46.2051331645935
67144287	0.226378631411847	46.2822174631166
67149298	6.68305668935904	46.2833518464386
67187928	0.226568317558051	46.5415183263486
67562662	1.50826470681712	46.6264211782604
67683202	1.2798047927564	46.8082274060201
67757703	0.69775441003674	46.9035741428853
68115996	1.13102448362181	47.1535746637205
68337035	1.03585510006456	47.4035751845558
68578382	2.89098155367178	47.6535757053911
68664858	2.68392942359183	47.9035762262264
68702079	13.5289953614858	48.0034747633019
68726914	7.46556517556029	48.3394673631044
68735504	0.303539170031541	48.4035965679625
68798055	2.80835252122096	48.4225832465872
68910204	0.575956847326651	48.7375371734895
68924979	0.62093140235433	48.7460469359088
69390627	0.190577922574613	49.0351824015523
69463969	2.31093771072782	49.0491597675498
69590811	0.190556692926552	49.3422837286539
69605698	0.196403310100141	49.3451205461415
69765917	2.92480167223825	49.3765880880824
69969704	0.196384213925242	49.9726246464628
70080422	12.3374931892941	49.9943679138602
70112645	3.72212333473407	50.3919189568988
70158914	0.196346581942973	50.5641378814736
70172045	9.07077249792209	50.5667161084411
70254061	3.18191851186057	51.3106645856307
70282462	0.55829844205063	51.401034253286
70562712	6.0245914277782	51.5574973916707
70622555	3.99874761530816	51.9180270164832
70631820	1.15855849392621	51.9550754131391
70870918	3.25135588606308	52.2320844319198
70956116	3.71042258302315	52.5090934507006
71030773	1.91056514181016	52.7861024694814
71175761	2.37890332503833	53.0631114882621
71292205	4.30746892006919	53.3401205070429
71356514	0.890101618460209	53.6171295258237
71676591	0.561574758362139	53.9020305815556
71717720	14.9878496373201	53.9251275897922
71738787	1.45651523303204	54.2408766181017
71786169	3.63058735376486	54.3098892228732
71897038	2.16146540220292	54.7124088121978
71917662	0.598123484858631	54.7569868746528
72045149	8.28917607824908	54.833239843367
72050281	13.4394487852981	54.8757798950006
72102592	9.70188642988036	55.5788109004083
72106749	31.1551305261755	55.6191416422973
72115946	0	55.9056753777465
