pos	rate	cM
3203856	2.37659218961378	0
3319077	0.00512763376463315	0.273833328679489
3799229	0.117578557269353	0.276295372286846
3832837	0.383649320708227	0.280246952439554
4837968	0.117757657386792	0.665864777812335
6164422	0.00512774803740831	0.822064893483675
7079173	1.68939481757165	0.826755506128642
7224091	4.39708560534955	1.07157922430149
7237468	2.72062861099689	1.13039903844425
7322258	0.00512755845226371	1.36108113837068
7515970	0.0501023202589192	1.36207440797358
7757928	0.0491859029681452	1.37419706517879
7975083	0.0481897027937246	1.38487802993784
8634355	0.0475838099176673	1.41664815167806
9415232	0.26824755186744	1.45380525441514
9508820	8.3398575394423	1.47891000629931
9540190	0.268916271986451	1.74053133731162
10559879	0.0476065057301894	2.01474230177721
12342239	0.80864319968835	2.09959423333047
12530200	3.22417500636495	2.2515876177871
12635162	0.807672410123088	2.59000347480517
12674575	0.0475832390210687	2.62183626750535
13430244	0.00486872629602815	2.65779344615316
14205645	2.1171456713571	2.66156866139183
14254824	3.30371506583601	2.7656877683635
14325321	1.1879785057072	2.99858976935974
14468631	0.00486857286510833	3.16883896901264
14596756	2.25428996540542	3.16946275491098
14709304	0.004868556036439	3.42317858193743
14766431	2.64880473765151	3.42345670793813
14862185	0.00486869140531623	3.67709035678721
15490398	0.00473711839935095	3.68014893202102
16195098	7.68957259052054	3.68348717935704
16227149	0.00473718275801363	3.92994567045581
17218637	1.13377542228185	3.93464253031418
17436797	0.00473698987683032	4.18198697643919
17568758	0.00472584203270865	4.18261207436033
19771707	1.01899322354791	4.19302286334044
20013957	2.33590518646441	4.43987397174492
20061055	6.57281850124303	4.54989043421702
20119212	0.00472545213857345	4.93214583979382
20576315	2.13757657411688	4.93430585814272
20622332	3.31408505477403	5.03267071935385
20691344	1.17672282829287	5.26138235715392
20760416	6.8840647525709	5.34266095634976
20803507	1.17617487206566	5.6393021906028
20833003	0.0123510558722338	5.67399464462925
21004699	2.63196229018169	5.67611527151829
21098494	0.0123508424998504	5.92298017452588
21130317	1.62441939045606	5.92337321538675
21163477	7.74730964236136	5.97723896237428
21203659	1.62562480702872	6.28854135842362
21282439	1.22827071602311	6.41660808072135
21484519	0.0123512270434149	6.6648170270153
21768419	2.15443474145095	6.66832354037292
21883124	0.0123523019995104	6.91544797739105
22871571	8.96162821817384	6.92765757324556
22899026	0.0123519207157993	7.17369907597552
23637591	2.86223941173186	7.18282177229898
23723807	0.0123509943199158	7.42959260542086
23855154	3.5785784287457	7.4312148714718
23899079	4.92273763879951	7.58840392895446
23923990	1.35900188939767	7.71103424627459
24081478	0.0123514502799642	7.92506073583205
24511705	2.01070990223991	7.93037466323165
24634660	0.012350959085883	8.17760149926156
24742910	29.4588090740249	8.1789384905826
24751254	28.0029265863384	8.4247427934963
24760032	0.0123512814087195	8.67055248307116
25079568	0.938536205799359	8.67449916212738
25344868	0.0123515222417757	8.92349281752595
25822263	0.197548597779716	8.92938937248656
26711546	2.43514324983599	9.1050659821659
26727938	12.3841798389098	9.14498285031722
26752665	2.43823618246337	9.45120646519393
26821113	0.197222809099138	9.61809885541118
26874725	5.05999232560903	9.6286723646526
26925262	0.197288699315522	9.8843891968119
27148184	0.0123518968997682	9.92836918824072
27871140	2.82569312142596	9.93729906621578
27958476	0.0123518321672935	10.1840838006686
28639006	1.40892255023786	10.1924895930135
28792516	2.39323257086013	10.4087732937005
28814889	1.00068427785067	10.4623170860083
29041076	0.0123508484933117	10.6886588607625
29076828	0.832108573838494	10.6891004282979
29376574	0.0123513288911588	10.9385216448717
29727234	0.0910120911150167	10.9428527618606
29842520	11.8469063906964	10.9533451817969
29863421	0.0910171194914627	11.2009573722688
30039404	6.26375400993239	11.2169748380083
30079211	0.0910134660017077	11.4663160938817
30211094	1.98716906984219	11.4783192228184
30340703	0.0910078165379216	11.7358742187916
30404384	3.60277145919621	11.7416696875565
30474358	0.0910251128018724	11.9937700176423
30746809	2.31586178382608	12.0185699006503
30857266	0.0910292072107332	12.2743730457064
31179122	5.70093236275787	12.3036713422224
31222923	0.0910344723619238	12.5533778806436
31608302	0.488091824660735	12.5884606545679
31703170	4.247203601809	12.6347649497898
31768572	0.488441335333415	12.9125405597554
32009964	5.01802675697306	13.0304463905742
32064231	0.489027951007262	13.3027596485948
32550920	2.5746539455165	13.5407641730426
32623668	3.73909861788459	13.728065098271
32668644	1.65538028589529	13.896234797709
32834418	0.487887452192861	14.170653809223
32843478	0.0123512179831022	14.1750740695399
33121439	4.5311291230022	14.1785072264417
33175813	0.0123508756598907	14.4248828413758
33229374	12.9474335188181	14.425544366627
33248369	0.0123508010173243	14.6714808663169
33252998	4.37066239835295	14.6715380381748
33309374	0.0123509940255243	14.9179385015444
33440528	5.45621770743715	14.9195583838148
33485662	0.0123508060114491	15.1658193138223
33493565	20.6145196631861	15.1659169222422
33505491	0.0123509212573184	15.4117656837454
33588943	0.0873305986014846	15.4127963928261
33765755	1.80273120037777	15.4282374906261
33909023	0.0873450447619457	15.6865111842418
34275191	1.76554947639541	15.7184941445922
34421634	0.0873438774254323	15.9770465065639
34772504	3.86485817810784	16.0076928528362
34837554	0.0873377892244449	16.2591018773221
35108629	0.90140888004476	16.2827769685361
35119510	1.05042627627044	16.2925851985599
35165266	4.85758290815272	16.3406485032569
35229894	1.05190898010058	16.654584371445
35409731	0.235990252246953	16.8437565266994
35539117	1.32734508369532	16.8742903614766
35764502	0.236062146327905	17.1734540331653
36022903	14.6654615492487	17.2344527278385
36039932	0.236265031531185	17.4841908725607
36661849	2.18140567501893	17.6311281121755
36768879	2.02851270517319	17.8646039615728
36788162	0.0873224696212497	17.9037197720666
36858385	0.0123512442350204	17.9098518178508
37153554	22.3590001125823	17.9134975222604
37164549	0.0123508385643738	18.1593347284983
37193792	1.413169179081	18.1596959040705
37410864	0.279821598836091	18.4664553641119
37523294	0.958854078320598	18.4979157064691
37706623	2.8560356155431	18.6737014657935
37836421	10.5631830343247	19.0444091766198
37862012	0.957382075201248	19.3147315936512
37885096	0.279892995342702	19.3368318014751
38088659	11.5574948641439	19.393807659286
38110448	0.0123508054086477	19.6456339148809
38117956	5.1727826183097	19.6457266447279
38165569	0.0123509093632803	19.8920183435334
38241224	1.60299618707476	19.8929527515813
38395696	0.0123509703911948	20.1405707785911
38511357	9.24928160565989	20.1419993041775
38537957	0.0123509789110306	20.3880301948881
38659203	0.33388039743274	20.3895277016772
39065889	0.82528849342731	20.5253121849875
39422566	0.50215044469785	20.8196736089577
39566665	0.0123515548086462	20.8920329858882
40065406	3.59713825672281	20.898193212685
40133947	0.0123524838985927	21.144744665939
41241598	1.03531693051607	21.1584269070818
41481797	0.0123510442508994	21.4071089984748
41645875	1.72950615322583	21.4091355331134
41788966	0.0123509577663552	21.6566122980847
41896351	0.497617362966749	21.6579386056844
42207672	0.593900250802694	21.8128573407406
42402233	0.231990653646579	21.928407167437
42559332	0.687401789589545	21.9648526671342
42590887	1.89426129248269	21.9865436306047
42795187	0.688142564032516	22.3735412126589
42983265	2.1058261436379	22.502965689817
43082551	7.87540984321938	22.7120447443143
43097599	7.42778217434173	22.830553911635
43128540	2.08246038013925	23.0603769198913
43156580	0.667415342897037	23.1187691089504
43234554	1.70065006716264	23.1708101528975
43473279	0.667497105628142	23.5767978401809
43569599	0.727896399415525	23.641091161395
43645785	0.292596610502586	23.6965466764808
43956359	20.5875030443923	23.7874195761911
43980635	0.29239169597905	24.2872018000967
44051780	15.6644264792539	24.3080040073072
44082863	11.4012879578149	24.7949013755619
44101752	6.49217954954702	25.010260303797
44149581	0.292373736320037	25.3207747594723
44199720	3.72449018071809	25.3354340862376
44260226	25.9091175037252	25.5607880891121
44271307	0.877375853227595	25.8478870201709
44375757	16.1409830640421	25.9395289280405
44391858	0.753556575078212	26.1994148963546
44422211	5.45072995334767	26.222287599078
44474562	0.753999933979311	26.5076387628657
44582919	7.02279888088477	26.5893399337119
44622134	4.2869708339076	26.8647389918258
44654985	18.0998376564691	27.0055702706905
44665301	20.6683864477881	27.1922881959546
44690822	19.9786711289916	27.7197660864885
44691615	19.9155022443779	27.7356091726938
44706211	3.06604562688389	28.0262958434529
44711111	15.4162326968701	28.0413194670246
44737897	6.22235683426577	28.4542586760429
44789244	3.07382658137938	28.7737580324119
44876627	13.1717222947246	29.0423582205726
44900981	3.06595443520213	29.3631423453383
44904911	15.4064372997871	29.3751915462687
44924848	3.06890896027097	29.6823496867145
44960166	1.63953425575774	29.7907374133734
45123138	8.62965953754383	30.0579355901027
45158311	1.63602748211514	30.3614666050168
45190686	0.572159753546669	30.4144329947502
45263503	0.169208958209835	30.4560959515242
45494550	2.57261189886256	30.4951911736918
45516702	5.66476369781951	30.5521796724754
45596589	0.169167386662305	31.0047206500031
45682432	9.67999821650318	31.0192424859763
45708268	0.169217039542884	31.2693349198979
45967531	6.33918784081214	31.3132066372209
46007358	0.169160764825487	31.5656774713569
46070063	5.07069860434135	31.5762846971153
46085258	6.88792055597533	31.6533339624083
46120107	4.17674186959012	31.8933711058635
46172796	9.28576915485818	32.1134394582303
46221075	2.36354462257089	32.5617471072577
46231830	0.169150327205762	32.5871670296735
46258059	1.57428262279635	32.5916036736057
46377018	2.67117914497831	32.778878760131
46415159	9.28293601580268	32.8807602038996
46452394	2.67075625790379	33.226410326448
46484611	1.5895197690455	33.3124540808088
46600419	0.489496353843193	33.4965331862225
46608961	6.89809098887653	33.500714464077
46677919	3.31303780370107	33.976393022488
46695826	0.489659682249239	34.0357195904388
46772501	5.90128636491794	34.0732642465753
46817923	0.489571991400945	34.3413124758426
46858025	20.8921769623964	34.3609452918418
46870069	0.489663186149702	34.6125706711769
46948205	5.33684046446792	34.6508309938899
46998919	0.489534056085501	34.9214835212049
47023194	0.169160087741575	34.9333669604164
47083533	4.09542772893976	34.9435739109506
47146125	0.169194186145182	35.1999149233604
47325586	12.5447357478139	35.2302786812002
47345441	0.169168311107144	35.4793544094731
47434514	2.67879086948825	35.4944227384483
47447649	4.79040992529011	35.529608656519
47457293	14.7108695257171	35.5758073698385
47482128	4.79971725430815	35.9411518145098
47532213	2.28025272960771	36.1815456531918
47546851	4.97283752626227	36.2149239926478
47563790	2.85898927386417	36.2991588875051
47572199	8.41911763671269	36.3232001283091
47625851	8.32919636803779	36.774902627754
47637994	5.63891356050072	36.8760440592511
47660956	0.108723296538045	37.0055247924273
47705203	7.45962528400131	37.0103354721292
47738630	6.79725490294761	37.2596883664975
47751863	17.3154193934642	37.3496364406282
47775308	5.31048579385424	37.755596448308
47822547	0.108726621603968	38.0064584867239
47894921	24.4505209389255	38.0143274672359
47905015	0.108720159447788	38.2611310255934
47922723	5.04915943847561	38.2630562421769
47972461	0.108744403907255	38.5141913343279
48195218	10.3578900097858	38.538414911509
48219192	0.108756336396686	38.7867349666037
48542824	1.80788254098046	38.8219319972644
48648986	8.21652683873818	39.01386042358
48687365	0.10873829795254	39.3292025071239
48858492	3.43142827768129	39.3478105658376
48932450	0.108719565368008	39.6015921383984
48945132	9.13540360209474	39.6029709199264
48972353	0.108724745243626	39.851645741379
49028855	2.07689622203469	39.8577889069347
49082858	3.02819217909696	39.9699475336133
49241138	4.1096043262766	40.4492497917207
49290237	2.2285820276554	40.6510272545366
49343835	1.28880170088639	40.7704747940549
49466495	0.199189658429292	40.9285592106856
49522372	8.27763926763222	40.9396893312296
49552790	0.199198190795034	41.1914785624725
49630169	1.07742914325888	41.206892319278
49706374	2.21144468062373	41.2889978071401
49909522	1.32442006575387	41.7382483711194
49924240	0.199176892652475	41.7577411856472
49947942	6.24039185369328	41.7624620763568
49959058	10.4618501487139	41.8318302722025
49988542	4.39834663505426	42.1402874619872
50017504	0.199491114575775	42.2676723772317
50831579	1.81852488535178	42.4300731063299
50983404	0.199232131099488	42.7061706470485
51146290	2.5480237039154	42.7386227719548
51250940	0.199278852762481	43.0052734525695
51531470	3.77494103505311	43.061177149135
51600202	8.53912577319277	43.3206363963562
51613662	19.1954066117985	43.4355730292634
51636826	8.54552602183342	43.8802154280191
51659048	0.199199067022791	44.0701141072763
51738635	0.108726064668595	44.0859677634234
51806298	2.55745950759315	44.0933244951371
51906658	0.108774190371038	44.3499911313191
52381169	0.0123513786823566	44.4016056811663
52764466	1.83927247541447	44.4063399275611
52786631	4.36792708192573	44.4471074019787
52866169	9.67449787357651	44.7945235862209
52898122	7.81963112536068	45.1036528167753
52912485	2.52338535429636	45.2159661786288
52981597	0.0047253555367262	45.3903623872349
53006084	2.6488528641136	45.390478097016
53099008	0.00472536614029294	45.6366201005609
53170981	8.11341633923238	45.6369601993381
53201282	7.95519971284936	45.8828048278332
53232186	0.00472547547448138	46.1286523197591
53793792	3.76095148166297	46.1313061751384
53859204	4.71084797328761	46.3773175334569
53911413	0.00472537939580879	46.6232661952943
54042750	4.78110874348063	46.623886812448
54094191	0.00472541456211604	46.8698318273214
54383016	4.67213855863036	46.8711966451823
54435658	6.76498360961475	47.1171473631857
54472003	0.00472535264857742	47.3630206924772
54483554	5.0666288884224	47.3630752750256
54504669	8.48243990585342	47.4700571440047
54532026	3.40910182475952	47.7021112525091
54556152	7.14918718755078	47.7843592431333
54579067	7.19178511785169	47.948182867536
54616133	5.10261099198224	48.2147535747143
54621841	1.24762601643302	48.2438792782566
54653199	8.72067703966365	48.2830023348799
54708463	7.45079549153971	48.7649418307998
54763003	13.8303596370577	49.1713082169084
54779774	26.2903737977219	49.4032571783816
54803145	15.1837725107849	50.017689504408
54814251	7.72372508435213	50.1863204819128
54818724	18.1889357614286	50.2208687042151
54843411	1.34362836902118	50.6698989613575
54860090	16.2052762628729	50.6923093389244
54861795	33.9992272518038	50.7199393349526
54877348	18.9893588754471	51.2487293163998
54884775	7.81482048531263	51.3897632847678
54901479	1.34576721808815	51.5203020461545
55036363	7.8422882173008	51.7018245115991
55072614	3.76782724645853	51.9861153017645
55148880	9.85821512842169	52.2734724145429
55178029	6.42483371592391	52.5608295273213
55222755	6.0783689630616	52.8481866400996
55317579	7.6534680865714	53.424561898653
55355125	0	53.7119190114314
