pos	rate	cM
3621442	0.105611567256646	0
3646912	0.212373472152292	0.00268992661802675
3708307	0.323478940691425	0.0157285959408167
4174249	0.701022832437686	0.16645102052446
4200358	0.852695863220497	0.184754025656576
5977552	0.557790745802388	1.70015999759686
6008008	0.443708103911348	1.71714807255102
6030835	0.0921833825188776	1.72727659743901
6107803	1.10840088138336	1.73437176802472
6402557	2.28486707204669	2.06107736141599
6776644	1.90044842345244	2.91581642979672
6816869	0.96190623374337	2.9922619676301
6833247	0.30057708589933	3.00801606792635
6923449	0.545892466221093	3.03512872222864
7373539	0.142187501073038	3.28082946235009
9492912	0.897717370320098	3.58217781306176
9704688	0.0503483673124719	3.77229280687867
10544331	30.5277093193688	3.81456746105401
10554128	5.42705755073949	4.11364742925589
10581763	4.99503425809534	4.26362416467058
10630952	1.20678163124485	4.50932490479203
10834552	0.299761533673297	4.75502564491348
11654206	0.086309668060749	5.00072638503493
12418462	0.361018972947821	5.06668906670837
13377604	0.369388893519784	5.41295752645949
13449537	0.431806954573606	5.43952877773705
13886412	0.800051333135822	5.62817444101639
14268130	0.498496858609861	5.93356843579833
14387963	0.00951925234352886	5.99330480985613
14665624	0.587019542743582	5.99594793498108
14858724	1.58157255718524	6.10930140868487
15090525	1.00408830224243	6.47591150901296
15601640	5.76244062157966	6.98911610161361
15653279	3.67941471713204	7.28668277287136
15745143	1.00034240388774	7.62468852644598
15884131	1.11043888876131	7.76372411647753
15957992	2.60837083418343	7.84574224324033
15966220	13.1723350952308	7.86720391846399
15989509	2.39563988381246	8.17397443049682
16069399	6.50298899853361	8.3653621008146
16121578	0.285473703090089	8.70468156376907
16167849	2.20699447101714	8.71789071748476
16295815	0.285452882878695	9.00031097196294
16316538	0.339909796621229	9.00622641205483
16341101	0.174616924472066	9.01457561638924
16592848	3.59624687541736	9.05853490327431
16664673	0.17466732560719	9.31683533510116
17081606	18.4989733695078	9.38965990716854
17095015	0.174541274496778	9.63771264108026
17098586	3.18213414594006	9.63833592797149
17130260	4.80463711535738	9.73912684490999
17261746	1.77071661735654	10.3708693606599
17283880	0.17456519006369	10.4100624022684
17365939	2.14432561848975	10.4243870471999
17456480	3.71480903317364	10.6185364330236
17490631	1.74905121486856	10.7454008763155
17640560	0.413252765928708	11.0076343759095
17790407	0.767361814175661	11.0695590631256
18484331	0.524849264904345	11.6020498426657
18490101	0.17456520225405	11.6050782229241
18572200	0.721746517102084	11.619409851464
19022030	0.174637378836935	11.944073087252
19340830	0.19114744809675	11.9997474836253
20317255	0.0802432657983686	12.1863886306331
20750641	1.32680286984376	12.2211649386244
20818258	1.27325988386172	12.3108793682746
20947444	0.0257723507446695	12.4753667196312
21309520	3.56070206095036	12.4846982692994
21379029	0.0257701483049116	12.732199108854
21409502	3.4974465262105	12.7329844025833
21453969	7.86132839726431	12.8885053572643
21480212	4.38466366119753	13.0948101983937
21510273	0.0257705418542684	13.226617572713
21600005	2.4410266370407	13.2289300149747
21701739	0.0257729929415417	13.4772654188674
22160491	3.53876841444335	13.4890888309253
22230434	0.025773352201398	13.7366009101367
22743266	9.5241474175804	13.7498183098928
22769134	0.0257746451691051	13.9961889552908
23476582	1.00547676285598	14.0144231764664
23727405	0.0257714863811515	14.2666198745562
23959350	19.3495886890197	14.2725974419649
23972065	0.025771362755128	14.5186274621458
24185397	1.23470445825202	14.5241253185051
24388656	0.0257715256883391	14.7750901119849
24626519	3.61785589184154	14.7812202043997
24694922	0.0257705819479623	15.0286924009694
24790691	0.869778830924726	15.031160423832
24940273	1.50173508282234	15.1612636809193
25081478	0.655679269606772	15.3733161832893
25082039	9.192677983421	15.3736840193595
25110831	0.656290565789499	15.6383596038582
25253405	3.27038277163532	15.731929574985
25329375	2.63361623598489	15.9803805541462
25347435	0.025771335138275	16.0279436633681
25556609	6.36197795323816	16.0333343566243
25615353	2.1685739259247	16.4070623895093
25671131	0.0257716811718558	16.5280211059495
25932403	0.168129249345193	16.5347545246326
26211353	2.20714719088314	16.5816541787375
26244663	3.1103873190062	16.6551742516658
26331648	1.06467914567817	16.9257312926096
26346374	4.10354002422367	16.9414097577088
26427387	1.06554115831169	17.2738498456912
26518069	0.168144296951946	17.3704752490093
26850229	4.0245081542722	17.4263260586848
26978023	0.168055463732265	17.9406340537519
26995875	1.84209522517113	17.9436341798904
27142722	0.168078362397621	18.2141403374211
27241636	2.95419858511417	18.2307656405593
27293786	3.10060588733401	18.384827096773
27329750	0.315599064720873	18.4963372869051
27379606	1.30191051653186	18.5120717938758
27629161	0.315569589852245	18.836970072829
27649424	13.2263196475339	18.8433644594281
27668457	0.315689055637249	19.0951010012797
27808619	16.1626463362803	19.1393486106959
27824125	0.315695701091466	19.3899666047862
27970953	3.18853197905156	19.4363195731861
28056523	0.316447915260567	19.7091622546335
28955479	0.16816976927219	19.9936350067445
29377683	0.0257706502344409	20.0646369560103
29483734	1.71774877456244	20.0673699592383
29628960	0.0257764809042057	20.3168317427729
30612676	2.2041922543031	20.3421884794621
30725471	0.0257729484069988	20.5908103447862
31177519	0.438623241377619	20.6024609545677
32842821	2.66090528086289	21.3329011156803
32953342	0.435471017965618	21.6269870282265
32972386	0.0257795835180569	21.6352801382927
34422909	0.00951959426434177	21.672674017116
35077874	0.133689936352024	21.6789090181734
35561850	0.502867108874718	21.7436117388093
36228636	0.133774341017609	22.0789164868674
37184258	9.74246035099573	22.2067541901794
37209830	0.133652488644956	22.455888386275
37484297	1.30919395327179	22.4925715838759
37531557	3.33875828375262	22.5544440901075
37654266	2.04748443874478	22.9641397803485
37692930	0.873422930648753	23.0433037186882
38000123	0.162560515079353	23.3116131290229
38551423	2.4639629687522	23.4012327409862
38658216	0.162496354722124	23.6643667383082
38966740	0.961226932655932	23.7145007636524
39028377	0.837256441774045	23.7737479081006
39125899	0.827603946064359	23.8553988308152
39206200	10.0936006326916	23.9218562552882
39232727	0.827335170675867	24.1896091992715
39273787	0.0288210983749929	24.2235795813795
40436384	0.604373911427691	24.2570869038869
40863380	0.0288134046576168	24.5151521465709
41099632	1.21468627206591	24.5219593710481
41188570	1.22611640856536	24.6299911387131
41306542	0.039782446665408	24.7746385436644
41395060	1.19001499304975	24.7781600062783
41625006	0.112977827387205	25.0517991938701
41645861	4.09240992259338	25.0541553464603
41708071	0.112998412346006	25.3087441677448
41890158	3.35552679244315	25.3293197096536
41966508	0.113158625077558	25.5855141802567
43400791	0.147003021538149	25.7478156725088
43494986	0.484682534500832	25.7616626221226
44229897	0.147015558720507	26.1178611482351
44382096	6.0747663358578	26.1402367692568
44423858	0.147057531603238	26.3939311609749
44770151	0.704601268271204	26.4448561547664
45214707	0.146988202532865	26.758090876184
45240324	0.755753097502729	26.7618562729683
45647470	0.147214960418799	27.0695581236041
46720442	0.240670268752802	27.2275156541146
49400146	0.147064676883435	27.8724407359726
49779466	0.379442705744274	27.928225309208
49974128	1.45515780638937	28.0020883851936
50204646	0.360228314741412	28.3375284524068
50628180	0.402186932937012	28.4900973914625
50661353	0.3683720547958	28.5034391385889
50842924	0.136077860152984	28.5703248209502
51556190	3.35343407872699	28.6673845319501
51631424	0.0630873699550616	28.919676791429
52660671	4.72898370320919	28.9846092776931
52713724	0.0631031342551472	29.2354960500995
54138754	6.95994368126718	29.3254199095071
54174645	0.0630870875717714	29.5752192481715
55196800	5.96722155577783	29.6397040301684
55238726	0.0630769014512269	29.8898857611159
56005002	2.17721199938234	29.9382200768524
56122099	0.0630592302269632	30.193165070344
56444206	0.121829612695044	30.2134768898147
56488339	4.56650980986706	30.2188535961118
56526864	5.72301128127675	30.3947783865369
56543992	1.28107598821078	30.4928021237627
56564316	1.30005378294306	30.518838712147
56739919	0.13835188322615	30.7471320565932
57686136	0.895146971040065	30.8780429604838
58013452	0.138209486413559	31.1710388864567
58215370	0.510165692231346	31.1989458695344
58663715	1.91682522524988	31.4276761068179
58839910	0.50910759965761	31.7654111273808
58881211	0.138228472459328	31.7864377803542
59182486	26.6051026468951	31.8280825633944
59201238	0.138217351563962	32.326981448229
59444320	1.99854823953667	32.3605795984818
59532933	13.2038134491727	32.5376769536319
59577295	0.13818375379518	33.1234245258641
59644492	1.71296444510322	33.1327100595679
59801743	0.138260414559897	33.4020754315248
60270094	1.98217847825507	33.4668298349443
60351524	5.64550685306091	33.6282386284286
60404227	3.79007773726051	33.9257737761055
60419176	0.138182425499243	33.9824316481998
60479417	7.28286175749609	33.9907558956943
60514065	3.95723023093075	34.2430924898681
60578890	0.138198036274001	34.4996199395882
60720870	1.70798536759672	34.5192412967784
60878620	0.138174250048386	34.7886759885167
60896044	6.42997573271223	34.7910835366496
60974939	4.04668934488483	35.2983764720819
61038280	3.47948222353709	35.5546978218762
61050391	8.643377613493	35.5968378310855
61098527	3.48517806993807	36.0128954558886
61157569	4.70271387997319	36.2186673394939
61195382	11.3204881593297	36.3964910594373
61203611	13.4401871934745	36.4896473565004
61232705	2.220409348093	36.8806761627074
61322444	0.0369416241866327	37.0799334771959
61420774	15.7470284967174	37.0835659471022
61436530	0.107302849292641	37.3316761280964
61445923	1.64878773379906	37.3326840237598
61768105	0.10735204749721	37.8638937534106
62204528	2.07697106476033	37.9107446560355
62240254	2.75725384160514	37.9849465242951
62329984	0.78400891265094	38.2323549115024
62606045	0.10731589444255	38.4487891959377
62728718	2.24868077898781	38.4619539586567
62844339	0.107329227135555	38.721948679004
63082751	6.08743223566373	38.7475372547038
63124146	0.107339500695714	38.9995265120991
63451715	3.19269335055308	39.0346876050025
63531954	0.0867171030244374	39.2908661267576
63635108	3.18682963198413	39.2998113428029
63714963	0.0867217791098285	39.554295623065
63880292	0.131508728718414	39.5686332480835
63919962	0.522467861261451	39.5738501993517
64226029	5.73374852025899	39.7337603702444
64321346	0.522365340351438	40.28028407795
64589886	4.30589606657207	40.420560066448
64655343	0.521964762475402	40.7024111052776
64777066	4.65641893118509	40.7659462220604
64836970	0.521712355147855	41.044884341714
64866028	5.57661433436533	41.0600442593299
64915021	0.522371343640941	41.3332593254135
65185759	0.131536289316859	41.4746850982481
65384739	7.7382584980559	41.5008581890964
65417282	0.131510962783086	41.7526843353987
65469869	11.4901749914726	41.7596001023985
65491662	5.22884084712364	42.0100054859877
65540228	8.08350132680471	42.2639493705691
65571358	0.131690748052022	42.5155887668726
66661519	1.63147317610963	42.6591528844597
66826614	0.131533317304487	42.9285009484695
67008419	2.57930715036056	42.9524143632221
67109568	0.13163658243535	43.2133087021739
67887527	3.0231278770417	43.3157165662087
68059234	0.131511885356677	43.8348087845919
68117155	7.15694375655599	43.8424260845036
68152391	0.131515202716916	44.0946081547096
68229491	4.20911768326553	44.1047479768391
68345432	9.87983388183987	44.5927572901546
68389144	4.19267057330397	45.0246245887976
68412068	0.131509285971313	45.12073736902
68454960	0.0611461341478121	45.1263780653139
68608798	24.7227232545941	45.1357846642989
68618835	0.0611609454044278	45.3839266376056
69168665	4.89082994806812	45.4175547602173
69219919	0.0611519445607885	45.6682293583756
69529134	2.55814677845122	45.6871384569129
69628275	0.0611595236410895	45.9407556866754
70140104	5.28206563979098	45.9720589045011
70187517	0.061142032028947	46.2224974826805
70231636	2.72086454571381	46.2251950079916
70324711	0.0611420751704876	46.4784394755839
70369984	2.72719416459221	46.4812075607531
70462838	0.0611479388504443	46.7344384477122
70664940	2.00515563815762	46.7467965684497
70792287	0.0611453766593142	47.0021471235022
70925866	2.42809439497966	47.0103148617709
70970888	7.36693297267504	47.1196325276217
71021132	2.42677541619143	47.4897767079008
71043782	0.331611462351045	47.5447431710775
71178470	3.99745565059792	47.5894072557186
71246021	0.331927925585455	47.8594393823721
71668040	0.315285682293762	47.9995192735998
71839268	0.044793906268357	48.0535050104076
71908271	6.03879868889828	48.0565959243218
71949568	0.0447965365205544	48.3059801937773
72149645	2.29259244398951	48.3149429504147
72370475	0.0447943688414456	48.8212161398209
72462531	1.40140305359721	48.8253397302389
72645020	0.0448035886451685	49.0810803720868
73196426	1.00617492761898	49.1057853396873
73453955	0.0447946770765799	49.3649045626221
73561372	2.1001750363	49.3697162724496
73681813	0.0447957201539924	49.6226634539966
73841210	3.88717693234335	49.629803757402
73876211	5.47644391385654	49.765858837211
73905559	3.39968775085196	49.9265815131948
73938058	46.5513539524834	50.0370679654098
73943796	3.40246230721424	50.3041796343895
74000257	12.9122880986166	50.4962860587171
74026322	3.39813902664634	50.8328448480074
74045423	0.171448891117777	50.8977527015554
74367280	6.71360098600887	50.9529347273039
74416459	1.67400413985647	51.2831029101949
74531953	0.171366947202479	51.4764403443234
74574964	6.68312578861322	51.4838110080896
74612981	0.171377660981495	51.7378834011954
74692470	1.85765126757623	51.7515060400891
74824304	3.93195194434053	51.9964076372988
74839289	2.25314874524996	52.0553279371847
74943211	0.171418696663127	52.2894796610886
75162361	0.276452936145893	52.3270460684623
75240393	2.37652368009149	52.3486182439756
75358337	0.276425598158026	52.6289149529004
75400599	2.97333791269494	52.6405972515297
75492428	0.276446712814279	52.9136358987146
75562318	1.59787552211334	52.9329567594732
75749842	0.276890713552643	53.232596768882
76399395	3.09099870217957	53.4124519625422
76422953	5.37307533276653	53.4852697099682
76487191	2.545112325587	53.8304253231944
76531926	0.27661476071416	53.9442809230795
76821502	2.75156109082616	54.0243819190281
76921564	0.276505028200984	54.2997086248984
77067729	5.30952002115916	54.3401239823454
77116922	0.276921107475089	54.6013152007462
77806065	0.751730227469	54.792153443515
78156996	13.8904672006946	55.0559588839709
78175838	0.749871297189094	55.3176830669663
78197304	8.21620792349514	55.3337798042317
78230473	0.750247688325042	55.6063032048461
78318824	28.6814533985191	55.6725883383574
78327687	0.276457402468783	55.9267920598282
78411562	1.62059196741986	55.9499799244602
78595913	0.276703905535792	56.248737674246
79001882	6.42336942080292	56.3610708820725
79042159	0.276423050444455	56.6197849322342
79081087	6.22377846886821	56.6305455287419
79122716	0.276758464316079	56.8896352026224
79599871	0.190141720781896	57.0216918876632
79673526	7.36613229218686	57.0356967761074
79708024	0.190122390482533	57.2898136079232
79728210	0.43796462412341	57.2936514184975
79738363	8.20762808136056	57.2980980733262
79770230	0.438124579031475	57.5596505573949
79863731	0.332966212653221	57.6006156436589
79917905	3.1573550327679	57.6186537552632
80005596	0.292636078486328	57.8955253754416
80021362	7.03058758306881	57.900139075855
80058106	0.292664279444392	58.1584709860073
80106798	0.589378614070179	58.172721395102
80291418	1.84035310096604	58.2815324748316
80417444	1.79145405471618	58.513464814734
80422282	4.91348023932173	58.5221318694507
80501854	1.79261403547681	58.913107319054
80542803	6.30701772045442	58.9865130711927
80597747	1.7930442809553	59.3330458528253
80652074	5.21960385850848	59.4304565694768
80724512	1.55341386600859	59.8085542337795
81138412	0.962227657167608	60.4515122329204
81332407	6.22441343417342	60.6381795872727
81379476	0.961142176704465	60.9311565032057
81456203	2.99599699974046	61.0049020589977
81486117	5.72031806214196	61.0945243132479
81577663	0.962253856138084	61.6181965505648
81774484	2.43748659377097	61.8075883167838
81778136	1.77722767296929	61.8164900178242
81913751	1.05508588159014	62.057508748694
82148353	2.35317011439343	62.3050340066868
82253541	9.21710139612118	62.5525592646796
82280396	12.7689067832246	62.8000845226724
82299781	2.61099838601705	63.0476097806652
82394582	0.120480945703111	63.295135038658
82705114	1.63059689026747	63.3325482276891
82713599	3.91742051372776	63.346383842303
82822352	1.63191170761628	63.7724150754324
82880230	0.220427145230577	63.8668668612459
82995407	6.80057741856598	63.8922549985521
83033030	0.220415435311296	64.1481131227708
83124109	5.07225149328666	64.1681883402035
83165104	7.86916412433774	64.3761252901707
83175110	7.69968866122835	64.4548641463989
83228248	3.02390831787238	64.8640102024792
83253248	0.220385942394641	64.939607910426
83283618	3.49447665143785	64.9463010314965
83359245	5.94792348092411	65.2105778172148
83402470	5.21919300771419	65.4676768096777
83409396	5.50117353858155	65.5038249404492
83451883	0.231872918264813	65.7375533005829
83552097	0.643491320991116	65.7607902132139
83655848	0.409748964975688	65.827553081258
83850527	1.7819652544687	65.9073226000105
83864271	9.20461999048593	65.9318139304679
83899720	10.295479928273	66.2581085045107
84041314	1.38220616456399	67.7158866894745
84072321	19.5913742649122	67.7587447560192
84168988	18.2729132312908	69.6525841320854
84175018	0.409449891180246	69.76276979887
84191486	1.69139348034418	69.7695126196779
84318928	10.8217335672801	69.9850671876
84325550	3.66699861246638	70.0567287072826
84380955	7.07515554806008	70.2598987654062
84390649	19.9420084752794	70.3284853232891
84406587	3.4167309521241	70.6463210543682
84457908	0.219137883568393	70.8216711035622
84574958	6.67772236587377	70.8473211928339
84624505	1.78964052705865	71.1781823028958
84724630	0.78148959961167	71.3573700606676
85056737	6.73961934348644	71.6169082271258
85062551	0	71.6560923739889
