pos	rate	cM
2407850	0.665662220347463	0
2608751	4.12747381397217	0.133732205730026
2693546	0.66500180338119	0.483721347785797
2745340	3.18950642679417	0.518164451190122
2787036	3.05709584276853	0.651154111161732
2847696	2.41538878010602	0.83659754498407
2861348	0.088709256211991	0.869572432610078
3106971	18.3708878551999	0.891361466248636
3122363	0.120546218234757	1.17412617211587
3498040	2.80416257916589	1.21941261374365
3602737	0.120585266713772	1.51300002329458
4246935	7.46553290348079	1.59068081094106
4285182	0.120495104028805	1.87621504790049
4309016	3.36437830214946	1.87908692820991
4395628	0.120559972336756	2.17048246171568
4865913	2.13704104097599	2.22718000830607
5007376	0.150497905176208	2.52949224508566
5062962	25.5101525943375	2.53785782164278
5074039	0.150504454379361	2.82043378193027
5158537	0.246265244623115	2.83315110731641
5167418	4.05753398636956	2.83533818895391
5241148	0.246584585025065	3.13450016976894
5775672	0.224034953295437	3.26630554849488
7575661	0.113995700401446	3.66956600004218
7869732	1.11713118430658	3.70308882965493
8123536	0.114001059131645	3.98662119275668
8458832	3.57391196764214	4.02484529187928
8532387	0.113962291508614	4.2877243866592
8569325	1.16298580222206	4.29193392578295
8812028	0.113980757480295	4.57419406893965
8991115	0.413228343802996	4.59460654085453
9273694	1.15169890926495	4.71137619301803
9619301	0.413528537257603	5.10941139795236
10077374	2.44913312449468	5.29883765559956
10202470	0.412858828830827	5.60521441294135
10268562	1.89458060811645	5.63250107865643
10440556	0.412929505225016	5.95835757576882
10548095	0.410778812962985	6.00276360183121
10617562	0.454856404893168	6.03129917363131
10690022	0.157491699916393	6.06425806872987
10951521	17.4391236950172	6.10544199076631
10966171	0.157040616273135	6.3609251528983
11007942	0.0709064481529118	6.36748489648065
11024803	3.52636067316324	6.36868045010295
11097891	0.070913905574407	6.62641509898311
11263056	9.73991550625826	6.63812759419731
11289174	0.0709191806456933	6.89251470738975
11559218	1.50925613106446	6.91166600660803
11593238	2.89904241791032	6.96301090018684
11734436	1.45050472854342	7.37234989151095
11775935	0.070918553893594	7.43254438724077
12033519	1.31633913010798	7.4508118720269
12217011	4.24200350402547	7.69234957168867
12236286	3.00229359876038	7.77411418922876
12303116	0.0705537698517656	7.97475747043392
12375157	2.63268056689463	7.97984023456781
12408931	25.2678883508562	8.06875638803411
12420037	2.63401682765488	8.34938155605872
12473066	0.0705512871893303	8.48906083441242
12495232	37.9507205176093	8.49062467424426
12501865	0.0705552371091407	8.74235180343759
12603380	12.6324909543235	8.74951421833273
12623382	0.0705532479133353	9.00218930240111
12684938	0.669997320677454	9.00653227812966
13104349	0.0705535845213693	9.28753652439231
13172667	1.68521547467664	9.29235660417964
13180030	7.29881501106184	9.30476484571968
13224865	1.68538031217397	9.63200721674064
13238031	6.92307431875294	9.65419693393072
13286089	1.68619479071271	9.98690603954135
13327906	0.0705562556846223	10.0574176471046
13449881	1.76642270464035	10.0660237463917
13493924	19.3079296432253	10.1438223015722
13522672	1.76739344243751	10.6988866629556
13597787	0.0705597111183789	10.8316444213843
13789165	0.206650638347792	10.8451479977787
13926857	11.5629661154592	10.8736021374741
13971209	5.86226126060196	11.386442810627
13998136	2.33803489070592	11.5442959195912
14019224	3.96848639396525	11.5936003993664
14044506	1.83856038886197	11.6939316723786
14173207	0.206604776894095	11.9305562329856
14203495	4.63267268525134	11.9368138784681
14260276	0.20661772247693	12.1998616662094
14320888	8.16661895545988	12.2123851796042
14352457	5.90017985462786	12.4701971734091
14396595	0.207062471944799	12.7306193118326
15495928	2.67297820184591	12.9582499203031
15564526	4.03230911761487	13.1416108789934
15597747	1.56913872327431	13.2755682201896
15748969	0.206656447050356	13.5128565162006
15900260	11.8248423330564	13.5441217767313
15921888	0.206689687062828	13.7998694667107
16150979	1.4603255342409	13.8472202138096
16350921	1.41236904354091	14.1392006217768
16351564	0.162920900917128	14.1401087750718
16512810	4.91094601051851	14.166379118661
16565737	0.162879303687475	14.4263007581597
16570242	12.4195360642669	14.4270345294229
16590743	1.37480036198713	14.6816474382764
16779073	3.17757844814386	14.9405635904494
16798152	1.96935453047938	15.0011886096616
16851576	2.88314905380855	15.1063994060979
16917970	1.07564468624918	15.2978232043765
17126883	0.162908173070727	15.5225393627148
17240181	0.721272504716011	15.5409965329074
17283621	3.29017649752304	15.5723286105123
17324922	14.6266390016786	15.7082161900365
17347114	3.25672492681074	16.0328105627617
17381344	0.714239679431474	16.1442882570064
17449957	4.62039246002468	16.1932943841313
17473721	4.48864863784424	16.3030933905513
17513559	0.579623189376961	16.4819121749857
17640061	0.730736910078734	16.5552356676883
17689197	0.177850199859301	16.5911411565019
17701596	0.175800642019298	16.59334632113
18134914	1.26611336641279	16.6695239037285
18160786	9.33373941867493	16.7022807887443
18191265	1.2684058251638	16.9867638324861
18359768	0.175749578447824	17.2004940192437
18627883	1.79732875891039	17.2476151174692
18779480	0.175708582954659	17.5200847653338
18914872	2.88694411683017	17.5438743017972
19079459	7.81755916172866	18.0190277731539
19117695	0.175688541596405	18.3179399652618
19188173	2.85469998270236	18.3303221422964
19280365	0.0392173715927382	18.5935026431017
19305414	1.09769323080737	18.5944849990427
19537584	0.0392289578953824	18.8493364364393
20315666	6.36635984501239	18.8798597824564
20354500	0.0392233032103472	19.1270910006777
20765139	2.10195758619033	19.1431976186846
20884264	0.0392197672112144	19.3935933161396
21065061	2.83190966617595	19.4006841323921
21153047	0.039218176579583	19.6498525362802
21230434	1.22587033081347	19.6528875133112
21263457	3.64028111334545	19.6933694292456
21365521	1.22644974451291	20.0649110807981
21437066	0.0392184078188733	20.1526574277693
21529487	0.7843518192167	20.1562820322383
22181377	1.87088978462098	20.6675931396675
22190897	1.13217387313639	20.6854040104171
22406196	0.0392189590300869	20.9291599131295
22534453	2.78375133981085	20.9341900191578
22623983	0.0392231036510376	21.1834192766111
23021652	0.700942107050743	21.1990170890169
23393067	0.0392204479851673	21.4593575017071
23618119	1.48720795047372	21.4681841419671
23715279	6.48556497750508	21.6126812664351
23764497	1.48557163343574	21.931887803498
23787638	0.0392191730076179	21.9662654166673
23929806	2.76826761187823	21.9718411280555
24019844	0.0392227803306935	22.2210904072937
24396499	3.04077640988342	22.2358638636192
24478362	0.0392699015923056	22.4847909428615
27912768	0.612589220285652	22.6196597285095
28358061	18.3926181028196	22.8924414201782
28371881	0.611500966148144	23.1466274023591
28527018	3.96940375927597	23.2414938277445
28673985	0.612199879558902	23.824865190034
29015628	4.91450038755004	24.0340189934861
29072763	0.61123364287792	24.3148089731288
29156414	4.02934308049345	24.3659392785891
29176909	8.84618306389314	24.4485206650238
29228183	0.612004590354844	24.9020998554419
29517770	8.9161453237695	25.079328428749
29547365	0.61122097738434	25.343201749606
29627627	0.0392176557740466	25.3922595676928
29671153	7.23268704914358	25.393966555378
29705310	0.0392178599350728	25.6410134469156
29762110	1.75422971688717	25.6432410213599
29905391	0.0392183431410635	25.8945888094252
29993607	1.87914428466145	25.8980484947838
30228719	6.23607836962611	26.3398578658391
30241101	5.25302199842024	26.4170729882118
30284929	0.0392187302278214	26.6473024363586
30398311	10.1453546563329	26.6517491344293
30447057	0.0392240857797633	27.1462945925069
30908556	0.277992941588618	27.1643964688702
31090662	0.725876179397812	27.2150206514911
31133451	1.53397632975138	27.2460801673313
31186872	7.38016541891778	27.328026716843
31228952	1.53763170007717	27.638584077671
31437140	0.72671050956269	27.9587005460467
31638002	0.278143120293752	28.1046690724185
32014233	3.39921256629658	28.2093151367097
32092985	3.7806828268774	28.4770099247307
32163157	0.277984323853717	28.7423080000584
32334115	17.1172765070227	28.7898316440957
32348707	0.278059135129964	29.0396069428862
32616411	2.11671339348518	29.1140444855971
32622583	3.23529197843087	29.1271088406616
32719856	5.04027938946409	29.4418153972796
32843652	3.90233632199325	30.0657818245776
32857256	2.11759208450724	30.118869207902
32883027	0.251695278726709	30.1734416735119
33021155	1.31331918027631	30.2082078389718
33097145	4.83960402066216	30.308006963481
33166948	1.31348065261606	30.6458258429353
33252292	2.94383557457148	30.7579235357522
33343599	0.254109718482151	31.0267163305596
33360260	4.47330847638587	31.0309500525792
33419090	0.254305910098009	31.294114790245
33739265	24.9814909328815	31.3755371850106
33750454	2.79638969740436	31.6550550870585
33836887	0.254108873863655	31.8967554377743
33852240	8.27514567087259	31.9006567713147
33883181	0.254106367817918	32.1566980535171
33894653	2.0420178933361	32.1596131617687
34033545	0.254178571673905	32.44323311101
34156795	14.1326449204662	32.4745606199688
34174676	0.254111767423645	32.7272664437916
34194510	2.06316810995183	32.7323064965867
34252136	4.17816635295131	32.8511986220907
34331520	2.35985127559785	33.1828781798534
34369802	0.254124801479372	33.2732180063859
34409819	7.60350203976231	33.2833873185667
34425449	28.8826337805848	33.4022300554482
34443540	7.71865839243131	33.9247457831727
34458649	0.254129468418537	34.0413669928239
34505892	8.92249557146385	34.0533728313004
34534522	0.254481150923855	34.3088238795114
35125272	2.11472354631702	34.4591586194197
35248608	6.00610185652021	34.7199801627283
35258700	4.14831041047696	34.7805937426643
35264315	6.88388827069625	34.8038865056191
35312186	2.97183158137881	35.1334251210256
35355521	0.254113597495576	35.2622094426046
35378189	2.96392551086855	35.2679696896327
35469804	0.254239250650681	35.5395097253109
35686925	4.67162684999485	35.5947104056514
35731900	11.7737265090621	35.8048168232299
35766943	1.57113222864503	36.2174035212869
35875248	0.254128686919512	36.3875649973103
35921281	3.20879118934073	36.3992633031553
36005300	0.254123929601883	36.6688627300925
36043967	0.0131011186196506	36.6786889400784
36134079	1.51386360427268	36.6798695080795
36200899	3.56075112516583	36.781025874117
36283527	6.23385161688074	37.0752436180872
36299180	4.73372989916426	37.1728220974462
36322356	2.69446735911559	37.2825310215893
36375974	0.0131013795427267	37.4270029724503
36618099	2.15579101215933	37.4301751439721
36630247	3.83434258038336	37.4563636931878
36733650	5.62751137064512	37.8528462190272
36779004	3.94924803681342	38.1080763697314
36779190	5.81971329541638	38.1088109298663
36824503	6.715764698124	38.3725195984215
36859421	2.76799422552135	38.6070206701506
36912614	0.90878136417925	38.7542585869887
36916586	7.96257959713051	38.7578682665673
36951788	0.909124303100389	39.0381669935454
36997262	0.937477351887259	39.0795085121046
37100867	0.013502135047553	39.1766358531469
37167336	0.65340745939439	39.1775333265614
37567056	0.013502014296763	39.4387133562305
37567294	5.54604156029013	39.4387165697099
37613522	0.0135021532638543	39.695098978959
37689983	7.8156921425716	39.6961313670997
37722245	9.35253302739031	39.9482812270034
37738303	4.06792755733328	40.0984642023572
37791898	1.55830755659725	40.3164847797925
37887629	0.0135021586292201	40.4656631204931
37967033	22.5373818190041	40.4667352458969
37981235	4.5116604630366	40.7868111424904
38023855	0.0135021195112858	40.979098111425
38081802	0.647676661127365	40.9798805187443
38216777	30.1683081297265	41.06730067608
38239926	7.93448347830683	41.7656668409749
38265197	11.1600565199018	41.9661791729552
38331328	7.20100075685114	42.7042048706728
38357404	4.42706570519523	42.8919781664085
38389032	8.1904513334575	43.0319974005324
38420258	0.619487301187214	43.2877524338709
38598902	7.81032686820111	43.3984201233042
38642936	4.42864795709932	43.7423400566186
38657286	0	43.8058911548029
