pos	rate	cM
624977	0.104151823005407	0
686664	0.100532944991542	0.00642481350573456
788113	0.0983583490206592	0.0166237802421815
1965236	4.02712449280767	0.132403655116427
2037555	0.0983868030998897	0.423641271311784
3508456	0.223844734497737	0.568358518378215
4674877	0.29076286153101	0.8294557174358
5572850	0.244289873819165	1.09055291649339
6611811	0.758998712890129	1.34436056808642
6946209	4.42991677301341	1.59816821967945
7003503	0.338680243171266	1.85197587127248
7752905	0.960563042497516	2.10578352286552
8017133	0.915833378172329	2.35959117445855
8294266	0.729595319713455	2.61339882605158
8991790	0.0784002746905265	3.12230907183939
9332550	2.46347775374812	3.14902474944294
9443702	0.179212694282764	3.42284522872755
9789424	5.01280469111598	3.48480299982037
9841942	0.179205377611475	3.7480654765884
10164891	7.74852625488252	3.80593967408265
10204512	1.33653447572546	4.11294403282734
10283155	5.21856440434354	4.21805311360182
10348646	1.33575921387447	4.55982211500668
10383886	0.179130050964801	4.60689426970361
10472238	2.67107650535801	4.62272076796646
10553325	2.72210081412754	4.83931034855642
10574066	0.234379216503847	4.89576944154224
10596949	0.0552658043472828	4.9011327411535
10625165	1.00226235181092	4.90269212108896
10893260	0.0552660099055263	5.17139364629771
10928206	5.29096202085453	5.17332497227986
10976685	0.0552907830702534	5.42982552008887
11822219	5.19543535127442	5.4765757570614
11871599	0.0552683922381494	5.73312635470732
11984538	0.135766548156766	5.73936831165831
12660692	3.10418753787417	5.8311674062607
12821527	1.51538314016725	6.33042940891469
12852281	0.193318368533563	6.3770335020074
12946613	2.46675876397627	6.3952696103479
13058302	0.193477866170018	6.67077942993765
13578897	2.18780867585035	6.77150303967643
13706215	0.19368812801662	7.05005046466835
14787312	0.804417429980439	7.25944611880273
14835052	9.77828807166829	7.29784900691
14850902	20.2875962031197	7.45283487284594
14863310	11.2925603767669	7.70456336653426
14875074	0.805789068487011	7.83740904680654
15134250	0.668768513150794	8.04625023442073
15201775	0.0576413767255418	8.09140882827124
15209287	5.56137613717937	8.0918418302932
15255405	0.0576487543839842	8.34832137498764
15484928	2.09170270085483	8.36155309004012
15609725	0.057644048742733	8.6225913119987
15697653	4.28053242937666	8.62765983791655
15715130	20.0128679330083	8.70247070318476
15731285	4.28216243040278	9.0257785846425
15757649	0.0576470693479146	9.13867351495764
15936472	0.83143801468225	9.14898213683964
16264604	0.0576529529218275	9.42180355547336
16620437	0.190545256071391	9.44231837867039
16968081	0.426197214269273	9.50856029367207
17052774	0.368455920528888	9.54465621434018
17092286	1.0028217893032	9.55921464467212
17265413	6.75629377527333	9.73283017258881
17309556	1.00291995666194	10.0310732487107
17492432	0.368460797579047	10.2144832387052
17535536	25.9789731272357	10.2303653729241
17545447	0.369129845751298	10.4878429755881
18080113	0.364001309593004	10.6852041536965
18234177	1.22158699110771	10.7412836514577
18527113	0.232701218695833	11.0991304582848
18568117	2.67243306757291	11.1086721390562
18670895	0.232957158689517	11.3833394648752
19183828	0.452784191857309	11.5028308791533
19219348	2.95824476558293	11.5189137736481
19292679	7.20693075993804	11.735844820553
19319383	12.498282835754	11.9282986995664
19351624	0.452763269272907	12.331255836474
19376939	8.8319021357839	12.3427175386356
19406858	0.45304189343779	12.6069592186362
19567969	2.22176503016702	12.6799492511298
19709848	26.8729559009878	12.9951710518449
19719335	0.452852414723468	13.2501147844775
19788122	1.18794495126935	13.2812651435291
20099900	1.76526686552998	13.651640244546
20130192	1.03777656526639	13.7051137084366
20530365	0.453537800074073	14.120403869889
20932621	1.47393736074128	14.3028421711956
21178710	0.453013950081154	14.665561942363
21326212	2.38302289835813	14.7323824060279
21456221	0.121347362924184	15.0421968300205
21952651	2.71823592572071	15.102437301397
22049182	1.7771937804053	15.3648313335427
22200592	0.121278374139079	15.6339162438339
22228346	6.44172845097509	15.6372822038297
22307868	3.97087553086666	16.1495413337082
22320406	8.7479402379154	16.1993281711142
22374387	0.124119314250765	16.6715507330971
22722038	4.14030529289164	16.7147009368157
22735249	6.32820916546232	16.7693985100401
22785754	2.29760313342581	17.0890047139418
22853109	0.124075470240978	17.2437597729937
22916110	8.04945920308662	17.2515766516943
22953527	1.19289300732875	17.5527632666962
23156041	2.3639673576873	17.7943408011824
23229666	4.48858868867272	17.9683878978921
23242837	13.806550104574	18.0275070995106
23270432	2.25418043169634	18.4084988496463
23349960	0.124165701689582	18.5877693110183
23998482	2.48841135218093	18.6682935002094
24106961	0.124097566062836	18.9382338752826
24313449	3.25358543431039	18.9638585335038
24395399	0.124076427082596	19.2304898598456
24464615	3.36437643079215	19.2390779338225
24499419	9.1811674318348	19.3561716911198
24543640	0.12407890557119	19.762172096123
24628954	2.94344126557885	19.7727577638729
24719921	0.124110273752065	20.0405137854788
25008900	1.83174264095297	20.0763790482774
25159110	0.124093757867198	20.3515251103749
25340873	2.94304016349913	20.3740807640861
25388891	3.97375148667486	20.515399666657
25431733	1.15300723569824	20.6856431278492
25494374	3.10443937559684	20.7578686541005
25626234	1.93146858038468	21.1672200301667
25637653	0.903229400878252	21.1892754698862
25673925	17.0595692414487	21.2220374067148
25689800	0.905099350732371	21.4928580684228
25954601	0.124073778457519	21.7325292815961
26006613	2.54895354915935	21.7389826069612
26076049	4.32307620847445	21.9159717456007
26112280	1.89982710074285	22.0726011197099
26220391	0.124153171471588	22.2779933273983
26787671	10.447204218038	22.3484229385107
26812511	0.124105005611664	22.6079314912868
27067295	0.861149896147104	22.6395514610366
27283396	4.61027369644719	22.8256468147438
27351849	0.86259966879902	23.1412338800867
27762768	0.124211684988391	23.49569247339
28709244	11.8764288533627	23.613255852151
28731063	0.124071231892037	23.8723876533025
28766533	0.598647859257202	23.8767884598977
29019256	2.05996169790778	24.0280805428328
29082335	3.96391921384616	24.1580208667751
29194485	2.48824348208402	24.602574406608
29217722	3.49043563296913	24.6603937204011
29306467	0.12407043140472	24.970152430649
29336737	1.32068410170473	24.9739080426076
29530887	0.751995220591522	25.2303188609536
29871861	1.11819395025892	25.4867296792996
30101169	0.192505089638469	25.7431404976455
31024281	26.5294589523499	25.9208442559519
31034179	0.62333458097355	26.1834328406623
31659302	1.43935516756061	26.5730936239243
31974295	1.49904891783041	27.0264804262197
32145344	0.592967065228187	27.2828912445657
32577764	2.31086093373201	27.5393020629116
32688723	2.71646538782137	27.7957128812576
32784576	0.277299358113472	28.0560942380764
32840444	4.14540838542203	28.0715863986155
32906757	0.277437308738536	28.346480864878
33141889	14.1731304847417	28.4117152541563
33171880	5.59103071683252	28.8367816105243
33190071	0.277428515145416	28.9384880502942
33413783	6.99719229387744	29.0005521382744
33451948	0.277509140643219	29.2675999821702
33780330	5.2551570059861	29.3587289887929
33831855	0.277396483338211	29.6295009535263
34013960	5.46208770738167	29.6800162401246
34063428	2.3230336564845	29.9502147948334
34188858	0.277298754427682	30.2415929063663
34243941	3.49171071948286	30.2568673536564
34323746	0.27735877178845	30.5355233276247
34456850	6.13635208335001	30.5724408895849
34518833	1.98715647072871	30.9527904007671
34526139	2.09025217887134	30.9673085659423
34606448	0.377148163973656	31.1351746281753
34615224	0.0998808597217251	31.1384844804623
34631076	11.5580481351041	31.1400677918506
34653455	0.0999072683910686	31.3987253510661
34933928	3.66793455218585	31.4267466423535
34967599	12.3493752749789	31.5502496666602
34997197	3.6645496253547	31.915766476049
35005698	0.0999021638643523	31.9469188124142
35235037	2.14369863008822	31.9698302747727
35360526	0.0998861121086216	32.2388408721638
35429023	6.76873169620177	32.2456827711849
35467475	0.0998845504330557	32.5059540423673
35520320	12.9924868291175	32.5112324414349
35540209	0.0998910817272249	32.7696400119792
35658510	3.19401831616716	32.7814572268386
35704821	5.76118472028095	32.9293754090786
35741294	4.96619614120476	33.1395030993814
35853519	2.6632998193472	33.6968344613281
35904645	0.0998885540283873	33.8329983278921
35997615	3.52712545907107	33.8422849667601
36013154	9.95397898823228	33.8970929692686
36053183	3.52756845652786	34.2955407941885
36072281	0.0998942119754128	34.3629102965713
36221949	2.30979502845547	34.3778612634892
36338004	0.0981330352778948	34.6459245255166
36446294	1.26335342127109	34.6565513519068
36477131	2.63466216886983	34.6955093813586
36662013	0.0981331267702787	35.1826109924636
36771253	8.97704261616563	35.193331055232
36799624	0.0981374702279708	35.4480187312952
36953961	0.0988808272267171	35.4631649740378
37086775	0.704338437439896	35.4762977322251
37447124	5.48441271431416	35.7301053838181
37493402	1.45315071594631	35.9839130354111
37715700	1.3089690363092	36.3069455332646
37856787	0.53936445230665	36.4916240476903
38327355	0.755399391066929	36.7454316992833
38513045	6.4348485408151	36.8857018122106
38570172	1.3668304704345	37.2533054048017
38620915	5.56362574014071	37.322662483363
38660811	7.89089504543325	37.5446288958917
38699639	2.31926148509678	37.8510165687157
38770147	4.78403957538769	38.0145430575069
38823200	0.177565532475879	38.2683507090999
39215392	14.2992096706613	38.3379904904127
39235840	1.87931587842686	38.6303807297584
39313215	0.907061686172687	38.7757927958517
39593028	0.169730522020383	39.0296004474447
40282170	11.7650861209246	39.1465688788509
40304060	0.169546442492926	39.4041066140379
40353798	2.45733433343431	39.4125395149947
40416273	2.45027129014999	39.566061477476
40464639	0.169115430733859	39.6845712986954
40504489	8.1464389685062	39.6913105486101
40536228	0.169157085635068	39.9498703750315
40721670	2.80704705584506	39.9812392033059
40735275	6.38968230978629	40.0194290785006
40806313	2.80685153350479	40.4733393304233
40817437	0.169158450256277	40.5045627468819
41007647	2.05942082684382	40.5367383757052
41025376	17.9857847893601	40.5732498475443
41048861	7.17078237995274	40.9956460033224
41074903	2.05915399321201	41.1823875180612
41086341	1.89109464118864	41.2059401214355
41129135	13.9900958642153	41.2868676255105
41141289	12.0895581258215	41.4569032506442
41150045	1.90938304417634	41.5627594215939
41282635	3.66131226430049	41.8159245194213
41351781	6.02487143806116	42.0690896172486
41393801	0.935457158250295	42.3222547150759
41546132	7.81028754406665	42.4647538394494
41592747	0.751117044940726	42.828830393316
41759023	2.50675766428259	42.9537231310806
41811663	1.37603927245554	43.0856788545284
41900353	1.82051161552503	43.2077197776025
41923236	1.88190365401073	43.2493785449006
41979553	0	43.3553617129835
