pos	rate	cM
5433983	0.677574574477786	0
5553271	6.26798683373734	0.0808265158403062
5599163	0.678003482125016	0.368476967614182
5811744	0.0551134527756401	0.5126076258478
10336539	0.199592994195706	0.761984701399752
11585967	0.182559758870078	1.01136177695171
12938478	0.437164632988783	1.25827585898083
13503286	0.612133867123383	1.50518994100996
13904670	0.982661457235967	1.75089068113141
14154706	0.43091184381824	1.99659142125287
14515218	2.87126114711952	2.15194031189147
14567006	2.97950333008729	2.30063718417849
14629215	0.824026419161563	2.48598910683989
14640735	0.107006314963299	2.49548189118863
14768556	2.5457875871372	2.50915954537356
14869325	0.107026987307819	2.76569601474178
15177622	0.16105559354893	2.79869211384782
15332017	1.92913308068553	2.82355829221381
15471044	0.161376161491307	3.09175987702227
16857820	0.0540276757877912	3.31555246475054
16988156	2.4577983837955	3.32259421590202
17090382	0.0540250930506872	3.5738451134839
17132236	1.10059333340212	3.57610627972845
17367065	0.0540625671893789	3.83455751161793
18691641	0.943175243226682	3.90616749061537
18968058	0.0540321670409989	4.16687716182236
19252233	2.02796796995822	4.18223175289124
19376722	0.054027839551453	4.43469145750337
19512668	0.803325634191131	4.44203632617903
19840695	0.0540322109836573	4.70554882398584
20126375	1.77771170707405	4.72098474601965
20268941	0.0540363511586821	4.97442599325038
20696404	0.493156797200606	4.99752453402572
20709058	2.30400134521407	5.0037649401375
20844946	1.83973320473903	5.31685107493595
21027796	0.493678335025306	5.65324629142248
21254584	0.981180111184934	5.7652066136662
21519667	0.054040951771048	6.02530078107943
22104647	3.59536286705948	6.05691365704646
22174033	0.0540363081707784	6.30638150494025
22600024	4.44219664306951	6.32940048589423
22656019	0.054027851870281	6.5781412869229
22792387	2.64004479270612	6.58550895702675
22887408	0.0540255249434112	6.83636865327448
22944059	3.68360428881057	6.83942925328805
23015836	0.259265119096462	7.10382731832601
23162605	10.1085798642724	7.14187940059067
23187554	0.25920327811582	7.3940783596244
23242317	1.57020972788415	7.40827310874386
23265960	1.66860480535514	7.44539757734022
23345819	1.74695922395516	7.57865068849108
23429349	0.434039352170602	7.72457419246805
23475709	4.781345315444	7.74469625683468
23532255	0.434962351500993	8.01506220904178
24067104	2.38817018049216	8.24770138777973
24091704	21.3708356897151	8.30645037421984
24104655	2.38871654337545	8.58322406723736
24138828	2.18430048017491	8.66485367767413
24194948	0.264499542144322	8.78743662062155
24251316	0.21054001549389	8.80234593081314
24485507	3.70529373543397	8.85165250758167
24555832	0.210729510674117	9.11222728952606
25216863	2.51422385915999	9.25152602869649
25323564	0.210527093171096	9.51979622869272
25528610	1.28950215450146	9.56296396703908
25643064	9.67983915770004	9.71055264663039
25672365	1.28899195272464	9.99418161379016
25756150	0.210454238365215	10.1021798045492
25796790	4.35918733998494	10.1107326647964
25856028	0.210716118679331	10.3689622044424
26486927	0.132419309139117	10.501902793001
26556713	8.26319736865515	10.5111438069086
26586934	0.132441065325911	10.7608658945868
26780759	2.06259670416256	10.7865362840736
26892017	4.66663954611999	11.0160166681853
26908052	2.74255252512164	11.0908462333073
26972834	7.29789973634448	11.2685142709897
26995731	4.93003326808629	11.4356142812528
27026725	0.374975889934371	11.5884157323639
27383343	2.9413515057877	11.7221388842805
27430873	8.06318589918267	11.8619413213506
27478981	0.37462430355892	12.2498450685885
27585460	5.99728059741024	12.2897346898071
27629172	0.374781914519203	12.5518878192811
27847862	4.70053832525078	12.6338488761673
27900289	4.82466543129751	12.8802839989453
27904670	0.509280287171716	12.9014208581998
27956013	0.676133116796774	12.927568835984
27956112	2.75329507027537	12.9276357731626
28074620	0.676840270910062	13.2539232653508
28229189	2.30372901107789	13.3585417891851
28380523	0.680044630021619	13.7071743153475
29229685	8.04673501655443	14.284642373466
29263036	0.676649286498908	14.5530090330031
29375929	4.89281027291463	14.6293980009038
29486145	2.64372960327075	15.1686639779433
29500560	0.677018315156283	15.2067733401745
29693953	27.1046235393076	15.3377039431975
29703251	2.1223625012268	15.589722732866
29779164	3.42222990449207	15.7508376374217
29873126	6.52979655008179	16.0723972037075
29897480	14.8925086108788	16.2314238688882
29926982	1.96867581676403	16.6707826579263
29933199	6.36216447870031	16.6830219154792
29968824	5.06067013234182	16.9096740250329
29989166	0.67829584111869	17.012618176865
30460337	9.37604165130429	17.3322115066207
30488590	0.676476678305764	17.597112811395
30563790	1.53251533910922	17.6479838576036
30716967	2.87760900364131	17.8827299597023
30832636	6.51460592176908	18.2155801155445
30851197	5.66960110597418	18.3364977160585
30899995	6.51661173977867	18.6131629108278
30942089	0.398683108360461	18.887473165402
31111390	6.3305168078449	18.9549706143306
31152823	0.398431961704491	19.21726291723
31164057	3.05128179441007	19.2217389018878
31266677	0.653565013349923	19.5348614396302
31318605	2.91884335899802	19.5687997636434
31427235	0.655057576982618	19.8858737177314
31827449	4.77261627732543	20.1480369308459
31887146	0.65349929069149	20.4329478047534
31923689	7.84241206040897	20.4568286293331
31957882	0.653828871614324	20.7249842249147
32071535	0.766598416016425	20.7992938376603
32125493	0.511698032341574	20.8406579549917
32257602	2.95543549412757	20.9082578703463
32284043	5.25974158203165	20.9864025402465
32357979	2.79857029653235	21.3752867938556
32370814	4.79061924959029	21.4112064436116
32391250	12.3208536180762	21.5091075385962
32416303	2.50414459067617	21.8177818842899
32486958	4.65409590981804	21.9947122203441
32494080	9.09165321752004	22.0278586914138
32507747	16.4478781213056	22.1521143159377
32532280	9.97449204183122	22.5556301098877
32541316	2.66841819296657	22.6457596199777
32600807	0.51139264722042	22.8045064866955
32616243	9.49062471124506	22.812400343598
32643614	0.511444234328055	23.0721682325695
32678772	12.5480506685333	23.09014958896
32699189	0.511504491784675	23.3463431394594
32757377	3.29889090117924	23.3761065628273
32934449	26.3255089724645	23.960247772481
32943968	0.5113850680509	24.2108402923898
32956506	4.36135661943143	24.217252038373
32958173	8.35738901442002	24.2245224198576
33020173	8.03372067509687	24.7426805387516
33052847	0.511421925817975	25.0051743280897
33079477	4.42037371230486	25.0187934939743
33142375	4.80251753859877	25.2968261597308
33199668	0.511556760769648	25.5719767970698
33277827	12.539804522905	25.6119595619348
33298258	0.511410563287104	25.8681603081422
33320544	6.71478199868633	25.8795576039556
33360168	0.286004176034636	26.1456241258716
33398545	0.18922216468174	26.1566001081353
33414603	19.0378874621503	26.1596386376557
33453909	0.189284615903059	26.9079418422431
33644307	10.3826711341949	26.9439812545418
33668413	2.33007520109111	27.1942659249027
33760687	13.2675024963353	27.4092712840082
33783167	0.189246928680563	27.7075247401258
33868375	3.90020689419188	27.7236500924248
33934601	0.189224328098326	27.9819451941996
33956701	3.81669867829594	27.9861270518506
34024452	0.189252783773368	28.2447122040038
34126006	8.1752340690901	28.2639315812071
34156776	0.565977368546849	28.515483533513
34241732	0.453055841183685	28.5635667068353
34382432	0.376518504135929	28.6273116636898
34403315	1.3987989053564	28.6351744996117
34440081	20.2429718496604	28.686602740166
34453124	1.40036978367731	28.9506318220012
34570027	6.16220481594701	29.1143392508225
34643233	1.7680658898963	29.5654496165787
34746566	0.376575702943013	29.7481491691793
34807786	6.7429505697937	29.7712031337135
34860429	9.08767554760138	30.1261722805592
34902579	2.20349527035977	30.5092178048906
35014084	0.420507482382335	30.754918545012
35304913	5.17448941935532	30.8772143156058
35308515	8.89539171329704	30.8958528264943
35376054	3.6706010781042	31.4966386874187
35390631	0.68515502853047	31.5501450393342
35666919	1.55433016050264	31.7394451518568
35824994	0.163840672181476	31.9851458919783
36289906	2.93494606661962	32.0613173865635
36367614	0.616181985480838	32.2893861755084
36554908	8.63574263285176	32.404793364297
36585555	0.61754621353277	32.6694529687661
37130825	9.7270676799479	33.0061823926191
37157800	0.615587274064883	33.2685700432857
37188378	5.78741501873866	33.287393470952
37235914	0.615828934174624	33.5625040312828
37330222	0.380063166704922	33.6205816264069
37462742	2.84725863459791	33.6709475972587
37497327	8.71275903533171	33.7694200371362
37539321	2.84630863136367	34.135303640066
37562190	0.37997383805809	34.2003958721566
37632870	7.08396975710963	34.2272524230306
37743459	0.380078312190438	35.0106615544996
37886460	10.676789200032	35.0650131332212
37910326	0.380094135674737	35.3198253842691
38064276	1.6452376684795	35.3783408764562
38085179	6.58072852556262	35.4127312794405
38185365	4.1147688239648	36.0720281475025
38258060	2.83986348633492	36.3711512671606
38285087	0.410143453506541	36.4479042576058
38358274	8.3090408915677	36.4779214265376
38401480	2.15765230538733	36.8369218472986
38430876	8.53528742833145	36.9003481944678
38473148	2.18055816697116	37.2611518646382
38498646	4.31148729508576	37.3167517367797
38509769	8.76401312003649	37.3647084099629
38528711	11.582749290625	37.5307163464827
38552860	5.36589117637826	37.810428159102
38624172	5.6421779113584	38.1930805906719
38665549	19.6529271396691	38.4265369861101
38704088	5.63621036458337	39.1839411451458
38726722	0.414482791017276	39.3115111305378
38771654	0.422378206572263	39.3301346713038
38810000	7.21815245931238	39.346331186013
38842489	6.78248544738156	39.5808417412636
38850195	0.590690578658114	39.6331075741211
39327079	0.564281236115971	39.9147984600339
39826282	0	40.1964893459467
